     1,     1,   -35,    14,    20
     2,     1,   -34,    14,    20
     3,     1,   -34,    14,    19
     4,     1,   -34,    14,    18
     5,     1,   -35,    14,    18
     6,     1,   -35,    14,    17
     7,     1,   -35,    14,    16
     8,     1,   -36,    14,    16
     9,     1,   -36,    14,    15
    10,     1,   -36,    13,    15
    11,     1,   -37,    13,    15
    12,     1,   -37,    13,    16
    13,     1,   -38,    13,    16
    14,     1,   -39,    13,    16
    15,     1,   -39,    14,    16
    16,     1,   -39,    14,    15
    17,     1,   -40,    14,    15
    18,     1,   -40,    14,    14
    19,     1,   -40,    15,    14
    20,     1,   -40,    15,    13
    21,     1,   -39,    15,    13
    22,     1,   -39,    14,    13
    23,     1,   -39,    13,    13
    24,     1,   -38,    13,    13
    25,     1,   -37,    13,    13
    26,     1,   -37,    13,    12
    27,     1,   -36,    13,    12
    28,     1,   -36,    13,    11
    29,     1,   -35,    13,    11
    30,     1,   -34,    13,    11
    31,     1,   -34,    14,    11
    32,     1,   -34,    14,    10
    33,     1,   -35,    14,    10
    34,     1,   -35,    14,     9
    35,     1,   -35,    14,     8
    36,     1,   -34,    14,     8
    37,     1,   -34,    13,     8
    38,     1,   -33,    13,     8
    39,     1,   -33,    13,     7
    40,     1,   -33,    13,     6
    41,     1,   -34,    13,     6
    42,     1,   -34,    14,     6
    43,     1,   -34,    15,     6
    44,     1,   -33,    15,     6
    45,     1,   -33,    14,     6
    46,     1,   -33,    14,     5
    47,     1,   -32,    14,     5
    48,     1,   -31,    14,     5
    49,     1,   -31,    15,     5
    50,     1,   -31,    16,     5
    51,     1,   -31,    16,     6
    52,     1,   -30,    16,     6
    53,     1,   -30,    16,     5
    54,     1,   -29,    16,     5
    55,     1,   -29,    15,     5
    56,     1,   -29,    15,     6
    57,     1,   -29,    14,     6
    58,     1,   -29,    14,     7
    59,     1,   -30,    14,     7
    60,     1,   -30,    13,     7
    61,     1,   -29,    13,     7
    62,     1,   -29,    12,     7
    63,     1,   -28,    12,     7
    64,     1,   -28,    12,     6
    65,     1,   -27,    12,     6
    66,     1,   -27,    12,     5
    67,     1,   -26,    12,     5
    68,     1,   -25,    12,     5
    69,     1,   -25,    12,     4
    70,     1,   -25,    12,     3
    71,     1,   -25,    11,     3
    72,     1,   -26,    11,     3
    73,     1,   -26,    11,     2
    74,     1,   -27,    11,     2
    75,     1,   -27,    12,     2
    76,     1,   -27,    13,     2
    77,     1,   -26,    13,     2
    78,     1,   -25,    13,     2
    79,     1,   -25,    13,     1
    80,     1,   -25,    12,     1
    81,     1,   -25,    11,     1
    82,     1,   -26,    11,     1
    83,     1,   -26,    10,     1
    84,     1,   -26,    10,     0
    85,     1,   -26,     9,     0
    86,     1,   -25,     9,     0
    87,     1,   -25,     8,     0
    88,     1,   -25,     8,    -1
    89,     1,   -25,     7,    -1
    90,     1,   -25,     6,    -1
    91,     1,   -25,     5,    -1
    92,     1,   -25,     5,    -2
    93,     1,   -25,     4,    -2
    94,     1,   -25,     3,    -2
    95,     1,   -24,     3,    -2
    96,     1,   -24,     3,    -3
    97,     1,   -24,     3,    -4
    98,     1,   -23,     3,    -4
    99,     1,   -23,     2,    -4
   100,     1,   -23,     2,    -5
   101,     1,   -23,     2,    -6
   102,     1,   -22,     2,    -6
   103,     1,   -22,     3,    -6
   104,     1,   -21,     3,    -6
   105,     1,   -20,     3,    -6
   106,     1,   -19,     3,    -6
   107,     1,   -19,     3,    -7
   108,     1,   -18,     3,    -7
   109,     1,   -18,     3,    -6
   110,     1,   -18,     3,    -5
   111,     1,   -19,     3,    -5
   112,     1,   -19,     4,    -5
   113,     1,   -19,     4,    -4
   114,     1,   -19,     4,    -3
   115,     1,   -20,     4,    -3
   116,     1,   -20,     3,    -3
   117,     1,   -20,     3,    -2
   118,     1,   -20,     4,    -2
   119,     1,   -19,     4,    -2
   120,     1,   -19,     4,    -1
   121,     1,   -19,     3,    -1
   122,     1,   -19,     3,     0
   123,     1,   -20,     3,     0
   124,     1,   -20,     3,     1
   125,     1,   -20,     3,     2
   126,     1,   -20,     4,     2
   127,     1,   -20,     4,     3
   128,     1,   -19,     4,     3
   129,     1,   -19,     3,     3
   130,     1,   -19,     3,     4
   131,     1,   -20,     3,     4
   132,     1,   -21,     3,     4
   133,     1,   -21,     3,     3
   134,     1,   -21,     2,     3
   135,     1,   -22,     2,     3
   136,     1,   -23,     2,     3
   137,     1,   -23,     3,     3
   138,     1,   -22,     3,     3
   139,     1,   -22,     3,     4
   140,     1,   -22,     2,     4
   141,     1,   -22,     2,     5
   142,     1,   -22,     3,     5
   143,     1,   -21,     3,     5
   144,     1,   -21,     3,     6
   145,     1,   -20,     3,     6
   146,     1,   -20,     4,     6
   147,     1,   -19,     4,     6
   148,     1,   -19,     4,     7
   149,     1,   -18,     4,     7
   150,     1,   -18,     3,     7
   151,     1,   -18,     3,     8
   152,     1,   -18,     4,     8
   153,     1,   -18,     4,     9
   154,     1,   -18,     5,     9
   155,     1,   -18,     6,     9
   156,     1,   -18,     6,     8
   157,     1,   -19,     6,     8
   158,     1,   -19,     5,     8
   159,     1,   -19,     4,     8
   160,     1,   -19,     3,     8
   161,     1,   -19,     2,     8
   162,     1,   -19,     2,     9
   163,     1,   -18,     2,     9
   164,     1,   -18,     1,     9
   165,     1,   -18,     0,     9
   166,     1,   -18,     0,    10
   167,     1,   -19,     0,    10
   168,     1,   -19,    -1,    10
   169,     1,   -19,    -1,    11
   170,     1,   -19,    -1,    12
   171,     1,   -19,    -2,    12
   172,     1,   -19,    -2,    13
   173,     1,   -18,    -2,    13
   174,     1,   -18,    -2,    12
   175,     1,   -18,    -2,    11
   176,     1,   -17,    -2,    11
   177,     1,   -17,    -2,    10
   178,     1,   -17,    -3,    10
   179,     1,   -17,    -3,     9
   180,     1,   -17,    -2,     9
   181,     1,   -17,    -1,     9
   182,     1,   -17,    -1,    10
   183,     1,   -16,    -1,    10
   184,     1,   -16,     0,    10
   185,     1,   -17,     0,    10
   186,     1,   -17,     0,    11
   187,     1,   -18,     0,    11
   188,     1,   -18,     1,    11
   189,     1,   -19,     1,    11
   190,     1,   -19,     1,    10
   191,     1,   -18,     1,    10
   192,     1,   -18,     2,    10
   193,     1,   -18,     3,    10
   194,     1,   -17,     3,    10
   195,     1,   -17,     3,    11
   196,     1,   -17,     2,    11
   197,     1,   -17,     2,    12
   198,     1,   -18,     2,    12
   199,     1,   -18,     3,    12
   200,     1,   -18,     3,    11
   201,     4,   -18,     4,    11
   202,     1,   -17,     4,    11
   203,     1,   -16,     4,    11
   204,     1,   -16,     4,    12
   205,     1,   -15,     4,    12
   206,     1,   -15,     5,    12
   207,     1,   -16,     5,    12
   208,     1,   -16,     5,    13
   209,     1,   -17,     5,    13
   210,     1,   -17,     5,    12
   211,     1,   -17,     6,    12
   212,     1,   -16,     6,    12
   213,     1,   -16,     6,    13
   214,     1,   -16,     7,    13
   215,     1,   -17,     7,    13
   216,     1,   -17,     8,    13
   217,     1,   -17,     8,    12
   218,     1,   -17,     7,    12
   219,     1,   -18,     7,    12
   220,     1,   -18,     8,    12
   221,     1,   -19,     8,    12
   222,     1,   -19,     8,    11
   223,     1,   -19,     9,    11
   224,     1,   -20,     9,    11
   225,     1,   -20,     9,    10
   226,     1,   -19,     9,    10
   227,     1,   -18,     9,    10
   228,     1,   -17,     9,    10
   229,     1,   -17,    10,    10
   230,     1,   -16,    10,    10
   231,     1,   -16,    10,    11
   232,     1,   -15,    10,    11
   233,     1,   -15,    10,    12
   234,     1,   -15,    11,    12
   235,     1,   -15,    11,    13
   236,     1,   -15,    12,    13
   237,     1,   -15,    12,    14
   238,     1,   -15,    11,    14
   239,     1,   -15,    10,    14
   240,     1,   -14,    10,    14
   241,     1,   -14,     9,    14
   242,     1,   -13,     9,    14
   243,     1,   -13,     9,    13
   244,     1,   -14,     9,    13
   245,     1,   -15,     9,    13
   246,     1,   -15,     8,    13
   247,     1,   -15,     8,    12
   248,     1,   -15,     9,    12
   249,     1,   -14,     9,    12
   250,     1,   -13,     9,    12
   251,     1,   -13,     8,    12
   252,     1,   -13,     8,    11
   253,     1,   -13,     9,    11
   254,     1,   -13,    10,    11
   255,     1,   -12,    10,    11
   256,     1,   -12,     9,    11
   257,     1,   -11,     9,    11
   258,     1,   -11,    10,    11
   259,     1,   -11,    11,    11
   260,     1,   -12,    11,    11
   261,     1,   -13,    11,    11
   262,     1,   -13,    12,    11
   263,     1,   -14,    12,    11
   264,     1,   -15,    12,    11
   265,     1,   -16,    12,    11
   266,     1,   -17,    12,    11
   267,     1,   -17,    12,    10
   268,     1,   -16,    12,    10
   269,     1,   -16,    12,     9
   270,     1,   -15,    12,     9
   271,     1,   -15,    11,     9
   272,     1,   -15,    10,     9
   273,     1,   -15,     9,     9
   274,     1,   -15,     8,     9
   275,     1,   -15,     8,     8
   276,     1,   -15,     9,     8
   277,     1,   -15,    10,     8
   278,     1,   -16,    10,     8
   279,     1,   -16,    10,     9
   280,     1,   -16,    11,     9
   281,     1,   -17,    11,     9
   282,     1,   -18,    11,     9
   283,     1,   -18,    11,     8
   284,     1,   -19,    11,     8
   285,     1,   -19,    11,     7
   286,     1,   -19,    11,     6
   287,     1,   -20,    11,     6
   288,     1,   -21,    11,     6
   289,     1,   -22,    11,     6
   290,     1,   -22,    10,     6
   291,     1,   -23,    10,     6
   292,     1,   -23,     9,     6
   293,     1,   -23,     9,     5
   294,     1,   -23,     9,     4
   295,     1,   -23,    10,     4
   296,     1,   -24,    10,     4
   297,     1,   -24,    10,     3
   298,     1,   -24,    10,     2
   299,     1,   -24,    10,     1
   300,     1,   -24,    11,     1
   301,     1,   -24,    11,     0
   302,     1,   -24,    10,     0
   303,     1,   -25,    10,     0
   304,     1,   -25,    10,     1
   305,     1,   -25,    10,     2
   306,     1,   -25,     9,     2
   307,     1,   -25,     9,     1
   308,     1,   -24,     9,     1
   309,     1,   -24,     8,     1
   310,     1,   -23,     8,     1
   311,     1,   -23,     8,     0
   312,     1,   -22,     8,     0
   313,     1,   -22,     8,    -1
   314,     1,   -21,     8,    -1
   315,     1,   -21,     7,    -1
   316,     1,   -20,     7,    -1
   317,     1,   -20,     8,    -1
   318,     1,   -19,     8,    -1
   319,     1,   -18,     8,    -1
   320,     1,   -18,     8,     0
   321,     1,   -18,     7,     0
   322,     1,   -18,     7,    -1
   323,     1,   -17,     7,    -1
   324,     1,   -17,     8,    -1
   325,     1,   -17,     9,    -1
   326,     1,   -17,     9,    -2
   327,     1,   -17,    10,    -2
   328,     1,   -17,    10,    -3
   329,     1,   -18,    10,    -3
   330,     1,   -18,    10,    -4
   331,     1,   -18,    10,    -5
   332,     1,   -18,    10,    -6
   333,     1,   -18,     9,    -6
   334,     1,   -19,     9,    -6
   335,     1,   -19,     9,    -5
   336,     1,   -19,     9,    -4
   337,     1,   -20,     9,    -4
   338,     1,   -20,    10,    -4
   339,     1,   -20,    10,    -5
   340,     1,   -20,    10,    -6
   341,     1,   -21,    10,    -6
   342,     1,   -21,     9,    -6
   343,     1,   -21,     8,    -6
   344,     1,   -21,     8,    -7
   345,     1,   -21,     8,    -8
   346,     1,   -21,     8,    -9
   347,     1,   -22,     8,    -9
   348,     1,   -23,     8,    -9
   349,     1,   -24,     8,    -9
   350,     1,   -24,     7,    -9
   351,     1,   -23,     7,    -9
   352,     1,   -23,     7,    -8
   353,     1,   -24,     7,    -8
   354,     1,   -24,     8,    -8
   355,     1,   -24,     9,    -8
   356,     1,   -24,     9,    -7
   357,     1,   -25,     9,    -7
   358,     1,   -26,     9,    -7
   359,     1,   -26,     9,    -8
   360,     1,   -26,    10,    -8
   361,     1,   -25,    10,    -8
   362,     1,   -25,    10,    -9
   363,     1,   -24,    10,    -9
   364,     1,   -24,     9,    -9
   365,     1,   -24,     9,   -10
   366,     1,   -24,     9,   -11
   367,     1,   -25,     9,   -11
   368,     1,   -25,    10,   -11
   369,     1,   -25,    10,   -12
   370,     1,   -24,    10,   -12
   371,     1,   -24,    11,   -12
   372,     1,   -23,    11,   -12
   373,     1,   -23,    11,   -11
   374,     1,   -23,    11,   -10
   375,     1,   -23,    10,   -10
   376,     1,   -23,    10,    -9
   377,     1,   -22,    10,    -9
   378,     1,   -22,    10,   -10
   379,     1,   -22,    11,   -10
   380,     1,   -22,    11,   -11
   381,     1,   -21,    11,   -11
   382,     1,   -21,    11,   -12
   383,     1,   -21,    10,   -12
   384,     1,   -21,    10,   -13
   385,     1,   -21,     9,   -13
   386,     1,   -21,     9,   -14
   387,     1,   -21,     9,   -15
   388,     1,   -21,     8,   -15
   389,     1,   -21,     8,   -16
   390,     1,   -21,     8,   -17
   391,     1,   -20,     8,   -17
   392,     1,   -20,     8,   -16
   393,     1,   -20,     9,   -16
   394,     1,   -20,     9,   -17
   395,     1,   -19,     9,   -17
   396,     1,   -19,     8,   -17
   397,     1,   -19,     8,   -16
   398,     1,   -18,     8,   -16
   399,     1,   -18,     7,   -16
   400,     1,   -19,     7,   -16
   401,     1,   -19,     7,   -17
   402,     1,   -19,     6,   -17
   403,     1,   -19,     6,   -18
   404,     1,   -20,     6,   -18
   405,     1,   -21,     6,   -18
   406,     1,   -21,     6,   -17
   407,     1,   -21,     6,   -16
   408,     1,   -22,     6,   -16
   409,     1,   -22,     7,   -16
   410,     1,   -23,     7,   -16
   411,     1,   -23,     7,   -15
   412,     1,   -23,     7,   -14
   413,     1,   -24,     7,   -14
   414,     1,   -24,     7,   -15
   415,     1,   -24,     6,   -15
   416,     1,   -24,     6,   -16
   417,     1,   -24,     5,   -16
   418,     1,   -24,     5,   -17
   419,     1,   -24,     4,   -17
   420,     1,   -25,     4,   -17
   421,     1,   -25,     3,   -17
   422,     1,   -25,     3,   -18
   423,     1,   -25,     2,   -18
   424,     1,   -25,     2,   -17
   425,     1,   -25,     1,   -17
   426,     1,   -26,     1,   -17
   427,     1,   -26,     1,   -18
   428,     1,   -25,     1,   -18
   429,     1,   -25,     0,   -18
   430,     1,   -25,     0,   -19
   431,     1,   -25,    -1,   -19
   432,     1,   -24,    -1,   -19
   433,     1,   -24,     0,   -19
   434,     1,   -24,     1,   -19
   435,     1,   -24,     2,   -19
   436,     1,   -24,     2,   -20
   437,     1,   -24,     3,   -20
   438,     1,   -24,     4,   -20
   439,     1,   -24,     4,   -21
   440,     1,   -24,     3,   -21
   441,     1,   -24,     3,   -22
   442,     1,   -24,     3,   -23
   443,     1,   -23,     3,   -23
   444,     1,   -23,     2,   -23
   445,     1,   -24,     2,   -23
   446,     1,   -24,     2,   -22
   447,     1,   -24,     2,   -21
   448,     1,   -25,     2,   -21
   449,     1,   -26,     2,   -21
   450,     1,   -27,     2,   -21
   451,     1,   -27,     2,   -20
   452,     1,   -27,     3,   -20
   453,     1,   -27,     3,   -19
   454,     1,   -28,     3,   -19
   455,     1,   -28,     3,   -20
   456,     1,   -28,     3,   -21
   457,     1,   -28,     3,   -22
   458,     1,   -27,     3,   -22
   459,     1,   -27,     4,   -22
   460,     1,   -28,     4,   -22
   461,     1,   -28,     4,   -23
   462,     1,   -29,     4,   -23
   463,     1,   -29,     4,   -22
   464,     1,   -29,     5,   -22
   465,     1,   -29,     6,   -22
   466,     1,   -29,     6,   -23
   467,     1,   -29,     6,   -24
   468,     1,   -28,     6,   -24
   469,     1,   -28,     7,   -24
   470,     1,   -28,     7,   -25
   471,     1,   -27,     7,   -25
   472,     1,   -27,     7,   -26
   473,     1,   -27,     7,   -27
   474,     1,   -27,     7,   -28
   475,     1,   -27,     8,   -28
   476,     1,   -28,     8,   -28
   477,     1,   -28,     8,   -27
   478,     1,   -29,     8,   -27
   479,     1,   -29,     7,   -27
   480,     1,   -30,     7,   -27
   481,     1,   -30,     7,   -28
   482,     1,   -30,     8,   -28
   483,     1,   -31,     8,   -28
   484,     1,   -31,     8,   -27
   485,     1,   -31,     9,   -27
   486,     1,   -31,     9,   -28
   487,     1,   -31,     9,   -29
   488,     1,   -31,    10,   -29
   489,     1,   -31,    11,   -29
   490,     1,   -31,    12,   -29
   491,     1,   -31,    12,   -28
   492,     1,   -31,    13,   -28
   493,     1,   -30,    13,   -28
   494,     1,   -30,    14,   -28
   495,     1,   -31,    14,   -28
   496,     1,   -31,    14,   -29
   497,     1,   -31,    15,   -29
   498,     1,   -30,    15,   -29
   499,     1,   -30,    15,   -28
   500,     1,   -31,    15,   -28
   501,     2,   -31,    16,   -28
   502,     2,   -32,    16,   -28
   503,     2,   -33,    16,   -28
   504,     2,   -33,    16,   -27
   505,     2,   -34,    16,   -27
   506,     2,   -35,    16,   -27
   507,     2,   -35,    17,   -27
   508,     2,   -36,    17,   -27
   509,     2,   -36,    17,   -28
   510,     2,   -36,    16,   -28
   511,     2,   -37,    16,   -28
   512,     2,   -38,    16,   -28
   513,     2,   -38,    17,   -28
   514,     2,   -38,    18,   -28
   515,     2,   -38,    18,   -27
   516,     2,   -38,    18,   -26
   517,     2,   -38,    18,   -25
   518,     2,   -37,    18,   -25
   519,     2,   -37,    18,   -26
   520,     2,   -36,    18,   -26
   521,     2,   -36,    18,   -25
   522,     2,   -35,    18,   -25
   523,     2,   -35,    19,   -25
   524,     2,   -34,    19,   -25
   525,     2,   -34,    19,   -26
   526,     2,   -33,    19,   -26
   527,     2,   -32,    19,   -26
   528,     2,   -31,    19,   -26
   529,     2,   -31,    19,   -27
   530,     2,   -30,    19,   -27
   531,     2,   -29,    19,   -27
   532,     2,   -29,    19,   -28
   533,     2,   -29,    20,   -28
   534,     2,   -29,    20,   -27
   535,     2,   -29,    20,   -26
   536,     2,   -29,    20,   -25
   537,     2,   -29,    21,   -25
   538,     2,   -28,    21,   -25
   539,     2,   -28,    22,   -25
   540,     2,   -28,    22,   -24
   541,     2,   -28,    21,   -24
   542,     2,   -29,    21,   -24
   543,     2,   -29,    21,   -23
   544,     2,   -30,    21,   -23
   545,     2,   -30,    21,   -22
   546,     2,   -30,    20,   -22
   547,     2,   -31,    20,   -22
   548,     2,   -32,    20,   -22
   549,     2,   -32,    19,   -22
   550,     2,   -32,    19,   -21
   551,     2,   -32,    18,   -21
   552,     2,   -32,    18,   -20
   553,     2,   -32,    18,   -19
   554,     2,   -32,    18,   -18
   555,     2,   -31,    18,   -18
   556,     2,   -31,    17,   -18
   557,     2,   -30,    17,   -18
   558,     2,   -30,    17,   -19
   559,     2,   -30,    17,   -20
   560,     2,   -29,    17,   -20
   561,     2,   -29,    17,   -21
   562,     2,   -29,    18,   -21
   563,     2,   -28,    18,   -21
   564,     2,   -28,    18,   -20
   565,     2,   -28,    19,   -20
   566,     2,   -27,    19,   -20
   567,     2,   -26,    19,   -20
   568,     2,   -26,    20,   -20
   569,     2,   -26,    21,   -20
   570,     2,   -25,    21,   -20
   571,     2,   -25,    20,   -20
   572,     2,   -25,    19,   -20
   573,     2,   -25,    19,   -21
   574,     2,   -24,    19,   -21
   575,     2,   -24,    20,   -21
   576,     2,   -24,    21,   -21
   577,     2,   -24,    22,   -21
   578,     2,   -24,    22,   -20
   579,     2,   -24,    22,   -19
   580,     2,   -24,    23,   -19
   581,     2,   -24,    23,   -18
   582,     2,   -24,    24,   -18
   583,     2,   -23,    24,   -18
   584,     2,   -22,    24,   -18
   585,     2,   -22,    24,   -17
   586,     2,   -22,    24,   -16
   587,     2,   -22,    23,   -16
   588,     2,   -21,    23,   -16
   589,     2,   -21,    23,   -17
   590,     2,   -21,    22,   -17
   591,     2,   -21,    22,   -18
   592,     2,   -21,    22,   -19
   593,     2,   -21,    21,   -19
   594,     2,   -21,    21,   -20
   595,     2,   -21,    22,   -20
   596,     2,   -22,    22,   -20
   597,     2,   -22,    21,   -20
   598,     2,   -22,    21,   -19
   599,     2,   -22,    20,   -19
   600,     2,   -22,    20,   -20
   601,     2,   -22,    20,   -21
   602,     2,   -23,    20,   -21
   603,     2,   -23,    19,   -21
   604,     2,   -23,    19,   -22
   605,     2,   -23,    18,   -22
   606,     2,   -22,    18,   -22
   607,     2,   -21,    18,   -22
   608,     2,   -21,    17,   -22
   609,     2,   -21,    17,   -21
   610,     2,   -21,    16,   -21
   611,     2,   -22,    16,   -21
   612,     2,   -22,    16,   -20
   613,     2,   -22,    15,   -20
   614,     2,   -22,    15,   -19
   615,     2,   -22,    16,   -19
   616,     2,   -22,    16,   -18
   617,     2,   -21,    16,   -18
   618,     2,   -21,    17,   -18
   619,     2,   -20,    17,   -18
   620,     2,   -19,    17,   -18
   621,     2,   -19,    17,   -17
   622,     2,   -18,    17,   -17
   623,     2,   -17,    17,   -17
   624,     2,   -16,    17,   -17
   625,     2,   -15,    17,   -17
   626,     2,   -14,    17,   -17
   627,     2,   -14,    16,   -17
   628,     2,   -13,    16,   -17
   629,     2,   -13,    15,   -17
   630,     2,   -14,    15,   -17
   631,     2,   -15,    15,   -17
   632,     2,   -15,    14,   -17
   633,     2,   -15,    13,   -17
   634,     2,   -15,    13,   -18
   635,     2,   -16,    13,   -18
   636,     2,   -16,    12,   -18
   637,     2,   -15,    12,   -18
   638,     2,   -15,    11,   -18
   639,     2,   -15,    10,   -18
   640,     2,   -15,    10,   -17
   641,     2,   -15,     9,   -17
   642,     2,   -15,     9,   -18
   643,     2,   -15,     8,   -18
   644,     2,   -16,     8,   -18
   645,     2,   -16,     8,   -17
   646,     2,   -17,     8,   -17
   647,     2,   -17,     7,   -17
   648,     2,   -17,     7,   -16
   649,     2,   -17,     7,   -15
   650,     2,   -17,     8,   -15
   651,     2,   -17,     8,   -14
   652,     2,   -16,     8,   -14
   653,     2,   -16,     8,   -13
   654,     2,   -15,     8,   -13
   655,     2,   -15,     8,   -12
   656,     2,   -15,     8,   -11
   657,     2,   -15,     7,   -11
   658,     2,   -15,     7,   -10
   659,     2,   -15,     7,    -9
   660,     2,   -15,     7,    -8
   661,     2,   -14,     7,    -8
   662,     2,   -14,     7,    -7
   663,     2,   -14,     7,    -6
   664,     2,   -14,     8,    -6
   665,     2,   -14,     8,    -5
   666,     2,   -14,     9,    -5
   667,     2,   -13,     9,    -5
   668,     2,   -13,    10,    -5
   669,     2,   -13,    10,    -6
   670,     2,   -12,    10,    -6
   671,     2,   -12,    10,    -7
   672,     2,   -12,    11,    -7
   673,     2,   -12,    12,    -7
   674,     2,   -12,    12,    -8
   675,     2,   -12,    13,    -8
   676,     2,   -12,    14,    -8
   677,     2,   -12,    14,    -9
   678,     2,   -13,    14,    -9
   679,     2,   -13,    15,    -9
   680,     2,   -13,    16,    -9
   681,     2,   -14,    16,    -9
   682,     2,   -14,    16,   -10
   683,     2,   -13,    16,   -10
   684,     2,   -13,    17,   -10
   685,     2,   -13,    17,   -11
   686,     2,   -13,    18,   -11
   687,     2,   -13,    18,   -12
   688,     2,   -13,    17,   -12
   689,     2,   -12,    17,   -12
   690,     2,   -12,    16,   -12
   691,     2,   -12,    16,   -13
   692,     2,   -12,    16,   -14
   693,     2,   -12,    15,   -14
   694,     2,   -12,    14,   -14
   695,     2,   -12,    14,   -15
   696,     2,   -12,    15,   -15
   697,     2,   -12,    15,   -16
   698,     2,   -12,    15,   -17
   699,     2,   -11,    15,   -17
   700,     2,   -10,    15,   -17
   701,     1,   -10,    15,   -16
   702,     1,   -10,    15,   -15
   703,     1,   -10,    14,   -15
   704,     1,   -10,    14,   -14
   705,     1,    -9,    14,   -14
   706,     1,    -8,    14,   -14
   707,     1,    -8,    14,   -15
   708,     1,    -8,    13,   -15
   709,     1,    -8,    13,   -16
   710,     1,    -8,    14,   -16
   711,     1,    -7,    14,   -16
   712,     1,    -7,    15,   -16
   713,     1,    -7,    16,   -16
   714,     1,    -7,    16,   -17
   715,     1,    -8,    16,   -17
   716,     1,    -8,    16,   -18
   717,     1,    -8,    17,   -18
   718,     1,    -9,    17,   -18
   719,     1,    -9,    17,   -19
   720,     1,    -9,    16,   -19
   721,     1,    -9,    16,   -20
   722,     1,    -9,    17,   -20
   723,     1,    -8,    17,   -20
   724,     1,    -7,    17,   -20
   725,     1,    -7,    17,   -21
   726,     1,    -7,    18,   -21
   727,     1,    -7,    19,   -21
   728,     1,    -7,    19,   -20
   729,     1,    -7,    20,   -20
   730,     1,    -7,    21,   -20
   731,     1,    -7,    21,   -21
   732,     1,    -7,    22,   -21
   733,     1,    -6,    22,   -21
   734,     1,    -6,    23,   -21
   735,     1,    -6,    23,   -22
   736,     1,    -6,    24,   -22
   737,     1,    -7,    24,   -22
   738,     1,    -7,    24,   -21
   739,     1,    -6,    24,   -21
   740,     1,    -5,    24,   -21
   741,     1,    -4,    24,   -21
   742,     1,    -3,    24,   -21
   743,     1,    -2,    24,   -21
   744,     1,    -2,    23,   -21
   745,     1,    -2,    23,   -22
   746,     1,    -2,    24,   -22
   747,     1,    -1,    24,   -22
   748,     1,    -1,    23,   -22
   749,     1,    -1,    23,   -23
   750,     1,    -1,    22,   -23
   751,     1,     0,    22,   -23
   752,     1,     0,    21,   -23
   753,     1,     0,    21,   -22
   754,     1,     0,    21,   -21
   755,     1,    -1,    21,   -21
   756,     1,    -1,    20,   -21
   757,     1,    -1,    20,   -20
   758,     1,    -1,    20,   -19
   759,     1,    -1,    20,   -18
   760,     1,    -1,    20,   -17
   761,     1,    -1,    20,   -16
   762,     1,     0,    20,   -16
   763,     1,     0,    20,   -15
   764,     1,     0,    20,   -14
   765,     1,     1,    20,   -14
   766,     1,     2,    20,   -14
   767,     1,     2,    20,   -13
   768,     1,     3,    20,   -13
   769,     1,     4,    20,   -13
   770,     1,     4,    20,   -12
   771,     1,     5,    20,   -12
   772,     1,     5,    20,   -13
   773,     1,     6,    20,   -13
   774,     1,     6,    19,   -13
   775,     1,     6,    18,   -13
   776,     1,     5,    18,   -13
   777,     1,     5,    17,   -13
   778,     1,     4,    17,   -13
   779,     1,     3,    17,   -13
   780,     1,     3,    16,   -13
   781,     1,     2,    16,   -13
   782,     1,     2,    15,   -13
   783,     1,     1,    15,   -13
   784,     1,     1,    14,   -13
   785,     1,     0,    14,   -13
   786,     1,     0,    14,   -14
   787,     1,     0,    13,   -14
   788,     1,     0,    13,   -15
   789,     1,    -1,    13,   -15
   790,     1,    -2,    13,   -15
   791,     1,    -3,    13,   -15
   792,     1,    -3,    13,   -16
   793,     1,    -4,    13,   -16
   794,     1,    -4,    14,   -16
   795,     1,    -5,    14,   -16
   796,     1,    -6,    14,   -16
   797,     1,    -6,    15,   -16
   798,     1,    -5,    15,   -16
   799,     1,    -4,    15,   -16
   800,     1,    -3,    15,   -16
   801,     3,    -3,    16,   -16
   802,     3,    -3,    16,   -15
   803,     3,    -3,    16,   -14
   804,     3,    -3,    17,   -14
   805,     3,    -4,    17,   -14
   806,     3,    -4,    17,   -15
   807,     3,    -4,    16,   -15
   808,     3,    -4,    16,   -16
   809,     3,    -4,    17,   -16
   810,     3,    -4,    17,   -17
   811,     3,    -3,    17,   -17
   812,     3,    -2,    17,   -17
   813,     3,    -2,    18,   -17
   814,     3,    -3,    18,   -17
   815,     3,    -3,    18,   -16
   816,     3,    -2,    18,   -16
   817,     3,    -1,    18,   -16
   818,     3,    -1,    17,   -16
   819,     3,     0,    17,   -16
   820,     3,     0,    16,   -16
   821,     3,     1,    16,   -16
   822,     3,     1,    15,   -16
   823,     3,     0,    15,   -16
   824,     3,     0,    14,   -16
   825,     3,     0,    13,   -16
   826,     3,     0,    13,   -17
   827,     3,     0,    12,   -17
   828,     3,     0,    12,   -18
   829,     3,    -1,    12,   -18
   830,     3,    -1,    11,   -18
   831,     3,    -1,    11,   -17
   832,     3,    -1,    11,   -16
   833,     3,    -1,    10,   -16
   834,     3,    -1,     9,   -16
   835,     3,     0,     9,   -16
   836,     3,     0,     9,   -17
   837,     3,     0,     9,   -18
   838,     3,     0,     9,   -19
   839,     3,     0,     9,   -20
   840,     3,     1,     9,   -20
   841,     3,     1,     9,   -21
   842,     3,     2,     9,   -21
   843,     3,     2,     8,   -21
   844,     3,     2,     8,   -20
   845,     3,     1,     8,   -20
   846,     3,     1,     8,   -21
   847,     3,     1,     7,   -21
   848,     3,     1,     6,   -21
   849,     3,     0,     6,   -21
   850,     3,     0,     6,   -20
   851,     3,     0,     6,   -19
   852,     3,    -1,     6,   -19
   853,     3,    -1,     5,   -19
   854,     3,    -1,     5,   -18
   855,     3,     0,     5,   -18
   856,     3,     0,     6,   -18
   857,     3,     1,     6,   -18
   858,     3,     1,     6,   -19
   859,     3,     2,     6,   -19
   860,     3,     2,     6,   -20
   861,     3,     3,     6,   -20
   862,     3,     3,     6,   -19
   863,     3,     4,     6,   -19
   864,     3,     5,     6,   -19
   865,     3,     5,     7,   -19
   866,     3,     5,     7,   -18
   867,     3,     6,     7,   -18
   868,     3,     6,     7,   -17
   869,     3,     6,     7,   -16
   870,     3,     6,     6,   -16
   871,     3,     7,     6,   -16
   872,     3,     7,     7,   -16
   873,     3,     8,     7,   -16
   874,     3,     8,     8,   -16
   875,     3,     8,     8,   -15
   876,     3,     9,     8,   -15
   877,     3,     9,     8,   -14
   878,     3,     8,     8,   -14
   879,     3,     8,     8,   -13
   880,     3,     9,     8,   -13
   881,     3,    10,     8,   -13
   882,     3,    10,     9,   -13
   883,     3,    11,     9,   -13
   884,     3,    11,     9,   -12
   885,     3,    11,     8,   -12
   886,     3,    12,     8,   -12
   887,     3,    12,     7,   -12
   888,     3,    13,     7,   -12
   889,     3,    14,     7,   -12
   890,     3,    14,     6,   -12
   891,     3,    14,     5,   -12
   892,     3,    14,     5,   -11
   893,     3,    14,     5,   -10
   894,     3,    15,     5,   -10
   895,     3,    15,     4,   -10
   896,     3,    15,     4,    -9
   897,     3,    16,     4,    -9
   898,     3,    16,     5,    -9
   899,     3,    16,     5,    -8
   900,     3,    16,     4,    -8
   901,     3,    17,     4,    -8
   902,     3,    17,     4,    -7
   903,     3,    17,     5,    -7
   904,     3,    17,     5,    -6
   905,     3,    17,     6,    -6
   906,     3,    17,     6,    -5
   907,     3,    17,     7,    -5
   908,     3,    17,     7,    -4
   909,     3,    17,     8,    -4
   910,     3,    17,     8,    -5
   911,     3,    16,     8,    -5
   912,     3,    16,     7,    -5
   913,     3,    16,     7,    -6
   914,     3,    15,     7,    -6
   915,     3,    15,     7,    -5
   916,     3,    15,     7,    -4
   917,     3,    15,     6,    -4
   918,     3,    16,     6,    -4
   919,     3,    16,     6,    -3
   920,     3,    16,     5,    -3
   921,     3,    17,     5,    -3
   922,     3,    18,     5,    -3
   923,     3,    18,     4,    -3
   924,     3,    17,     4,    -3
   925,     3,    17,     4,    -4
   926,     3,    17,     3,    -4
   927,     3,    16,     3,    -4
   928,     3,    16,     3,    -3
   929,     3,    16,     4,    -3
   930,     3,    15,     4,    -3
   931,     3,    15,     3,    -3
   932,     3,    14,     3,    -3
   933,     3,    14,     4,    -3
   934,     3,    14,     5,    -3
   935,     3,    13,     5,    -3
   936,     3,    13,     5,    -2
   937,     3,    12,     5,    -2
   938,     3,    12,     6,    -2
   939,     3,    11,     6,    -2
   940,     3,    11,     7,    -2
   941,     3,    11,     7,    -3
   942,     3,    11,     8,    -3
   943,     3,    12,     8,    -3
   944,     3,    12,     8,    -2
   945,     3,    12,     9,    -2
   946,     3,    12,    10,    -2
   947,     3,    12,    10,    -3
   948,     3,    12,     9,    -3
   949,     3,    12,     9,    -4
   950,     3,    12,    10,    -4
   951,     3,    12,    10,    -5
   952,     3,    13,    10,    -5
   953,     3,    14,    10,    -5
   954,     3,    14,    11,    -5
   955,     3,    14,    11,    -6
   956,     3,    13,    11,    -6
   957,     3,    12,    11,    -6
   958,     3,    12,    10,    -6
   959,     3,    12,    10,    -7
   960,     3,    13,    10,    -7
   961,     3,    13,    10,    -8
   962,     3,    14,    10,    -8
   963,     3,    15,    10,    -8
   964,     3,    15,    10,    -7
   965,     3,    15,    11,    -7
   966,     3,    15,    11,    -8
   967,     3,    16,    11,    -8
   968,     3,    16,    12,    -8
   969,     3,    16,    13,    -8
   970,     3,    16,    13,    -9
   971,     3,    15,    13,    -9
   972,     3,    15,    13,    -8
   973,     3,    14,    13,    -8
   974,     3,    14,    12,    -8
   975,     3,    13,    12,    -8
   976,     3,    13,    12,    -7
   977,     3,    13,    13,    -7
   978,     3,    13,    13,    -6
   979,     3,    12,    13,    -6
   980,     3,    12,    13,    -5
   981,     3,    13,    13,    -5
   982,     3,    14,    13,    -5
   983,     3,    15,    13,    -5
   984,     3,    15,    12,    -5
   985,     3,    16,    12,    -5
   986,     3,    16,    12,    -4
   987,     3,    17,    12,    -4
   988,     3,    18,    12,    -4
   989,     3,    19,    12,    -4
   990,     3,    19,    11,    -4
   991,     3,    19,    11,    -5
   992,     3,    18,    11,    -5
   993,     3,    18,    12,    -5
   994,     3,    17,    12,    -5
   995,     3,    17,    13,    -5
   996,     3,    17,    13,    -6
   997,     3,    16,    13,    -6
   998,     3,    16,    14,    -6
   999,     3,    16,    14,    -5
  1000,     3,    16,    14,    -4
  1001,     1,    16,    14,    -3
  1002,     1,    16,    15,    -3
  1003,     1,    16,    16,    -3
  1004,     1,    15,    16,    -3
  1005,     1,    15,    17,    -3
  1006,     1,    15,    17,    -4
  1007,     1,    16,    17,    -4
  1008,     1,    16,    18,    -4
  1009,     1,    16,    19,    -4
  1010,     1,    17,    19,    -4
  1011,     1,    17,    19,    -5
  1012,     1,    17,    20,    -5
  1013,     1,    18,    20,    -5
  1014,     1,    18,    19,    -5
  1015,     1,    18,    18,    -5
  1016,     1,    19,    18,    -5
  1017,     1,    20,    18,    -5
  1018,     1,    20,    18,    -4
  1019,     1,    20,    19,    -4
  1020,     1,    20,    19,    -3
  1021,     1,    20,    20,    -3
  1022,     1,    20,    20,    -4
  1023,     1,    20,    21,    -4
  1024,     1,    20,    21,    -3
  1025,     1,    21,    21,    -3
  1026,     1,    21,    21,    -2
  1027,     1,    21,    22,    -2
  1028,     1,    21,    22,    -1
  1029,     1,    20,    22,    -1
  1030,     1,    20,    23,    -1
  1031,     1,    21,    23,    -1
  1032,     1,    21,    24,    -1
  1033,     1,    21,    24,     0
  1034,     1,    21,    25,     0
  1035,     1,    20,    25,     0
  1036,     1,    19,    25,     0
  1037,     1,    19,    24,     0
  1038,     1,    19,    23,     0
  1039,     1,    19,    23,     1
  1040,     1,    19,    22,     1
  1041,     1,    19,    22,     2
  1042,     1,    20,    22,     2
  1043,     1,    20,    23,     2
  1044,     1,    21,    23,     2
  1045,     1,    21,    23,     3
  1046,     1,    21,    23,     4
  1047,     1,    21,    22,     4
  1048,     1,    20,    22,     4
  1049,     1,    19,    22,     4
  1050,     1,    19,    22,     3
  1051,     1,    19,    21,     3
  1052,     1,    19,    21,     4
  1053,     1,    20,    21,     4
  1054,     1,    21,    21,     4
  1055,     1,    21,    20,     4
  1056,     1,    22,    20,     4
  1057,     1,    22,    20,     5
  1058,     1,    22,    19,     5
  1059,     1,    21,    19,     5
  1060,     1,    20,    19,     5
  1061,     1,    20,    18,     5
  1062,     1,    21,    18,     5
  1063,     1,    22,    18,     5
  1064,     1,    23,    18,     5
  1065,     1,    23,    17,     5
  1066,     1,    23,    16,     5
  1067,     1,    23,    16,     6
  1068,     1,    22,    16,     6
  1069,     1,    22,    15,     6
  1070,     1,    22,    15,     7
  1071,     1,    22,    14,     7
  1072,     1,    22,    14,     8
  1073,     1,    21,    14,     8
  1074,     1,    20,    14,     8
  1075,     1,    20,    13,     8
  1076,     1,    19,    13,     8
  1077,     1,    19,    12,     8
  1078,     1,    19,    11,     8
  1079,     1,    19,    11,     9
  1080,     1,    20,    11,     9
  1081,     1,    20,    11,    10
  1082,     1,    20,    10,    10
  1083,     1,    20,     9,    10
  1084,     1,    20,     8,    10
  1085,     1,    20,     8,    11
  1086,     1,    20,     7,    11
  1087,     1,    21,     7,    11
  1088,     1,    21,     6,    11
  1089,     1,    22,     6,    11
  1090,     1,    22,     5,    11
  1091,     1,    22,     4,    11
  1092,     1,    23,     4,    11
  1093,     1,    23,     3,    11
  1094,     1,    23,     2,    11
  1095,     1,    23,     1,    11
  1096,     1,    22,     1,    11
  1097,     1,    22,     1,    12
  1098,     1,    22,     2,    12
  1099,     1,    21,     2,    12
  1100,     1,    21,     3,    12
  1101,     2,    20,     3,    12
  1102,     2,    19,     3,    12
  1103,     2,    19,     4,    12
  1104,     2,    19,     5,    12
  1105,     2,    18,     5,    12
  1106,     2,    18,     6,    12
  1107,     2,    19,     6,    12
  1108,     2,    19,     7,    12
  1109,     2,    19,     8,    12
  1110,     2,    18,     8,    12
  1111,     2,    17,     8,    12
  1112,     2,    17,     9,    12
  1113,     2,    17,     9,    11
  1114,     2,    16,     9,    11
  1115,     2,    16,     9,    10
  1116,     2,    16,    10,    10
  1117,     2,    17,    10,    10
  1118,     2,    17,    10,    11
  1119,     2,    17,    11,    11
  1120,     2,    17,    11,    12
  1121,     2,    17,    12,    12
  1122,     2,    18,    12,    12
  1123,     2,    19,    12,    12
  1124,     2,    20,    12,    12
  1125,     2,    20,    12,    13
  1126,     2,    20,    11,    13
  1127,     2,    21,    11,    13
  1128,     2,    22,    11,    13
  1129,     2,    22,    10,    13
  1130,     2,    22,    10,    14
  1131,     2,    23,    10,    14
  1132,     2,    23,    10,    15
  1133,     2,    23,    10,    16
  1134,     2,    24,    10,    16
  1135,     2,    24,    10,    17
  1136,     2,    24,    10,    18
  1137,     2,    24,    10,    19
  1138,     2,    25,    10,    19
  1139,     2,    25,     9,    19
  1140,     2,    25,     9,    20
  1141,     2,    24,     9,    20
  1142,     2,    24,     9,    21
  1143,     2,    24,    10,    21
  1144,     2,    23,    10,    21
  1145,     2,    22,    10,    21
  1146,     2,    22,    10,    22
  1147,     2,    22,    10,    23
  1148,     2,    21,    10,    23
  1149,     2,    21,     9,    23
  1150,     2,    21,     9,    22
  1151,     2,    21,     8,    22
  1152,     2,    21,     8,    21
  1153,     2,    20,     8,    21
  1154,     2,    20,     9,    21
  1155,     2,    20,    10,    21
  1156,     2,    20,    11,    21
  1157,     2,    19,    11,    21
  1158,     2,    19,    11,    20
  1159,     2,    18,    11,    20
  1160,     2,    18,    11,    19
  1161,     2,    17,    11,    19
  1162,     2,    17,    12,    19
  1163,     2,    17,    12,    18
  1164,     2,    16,    12,    18
  1165,     2,    16,    13,    18
  1166,     2,    15,    13,    18
  1167,     2,    15,    13,    19
  1168,     2,    15,    14,    19
  1169,     2,    15,    14,    18
  1170,     2,    14,    14,    18
  1171,     2,    14,    14,    17
  1172,     2,    13,    14,    17
  1173,     2,    12,    14,    17
  1174,     2,    12,    13,    17
  1175,     2,    12,    13,    16
  1176,     2,    12,    12,    16
  1177,     2,    12,    12,    17
  1178,     2,    12,    11,    17
  1179,     2,    13,    11,    17
  1180,     2,    14,    11,    17
  1181,     2,    14,    11,    18
  1182,     2,    14,    10,    18
  1183,     2,    14,     9,    18
  1184,     2,    15,     9,    18
  1185,     2,    15,     9,    19
  1186,     2,    16,     9,    19
  1187,     2,    16,     8,    19
  1188,     2,    17,     8,    19
  1189,     2,    17,     8,    20
  1190,     2,    16,     8,    20
  1191,     2,    16,     7,    20
  1192,     2,    16,     7,    21
  1193,     2,    15,     7,    21
  1194,     2,    15,     7,    22
  1195,     2,    15,     8,    22
  1196,     2,    14,     8,    22
  1197,     2,    13,     8,    22
  1198,     2,    13,     8,    21
  1199,     2,    12,     8,    21
  1200,     2,    12,     8,    22
  1201,     2,    12,     9,    22
  1202,     2,    12,     9,    23
  1203,     2,    11,     9,    23
  1204,     2,    10,     9,    23
  1205,     2,     9,     9,    23
  1206,     2,     8,     9,    23
  1207,     2,     8,     9,    22
  1208,     2,     9,     9,    22
  1209,     2,    10,     9,    22
  1210,     2,    10,     8,    22
  1211,     2,    10,     8,    23
  1212,     2,     9,     8,    23
  1213,     2,     8,     8,    23
  1214,     2,     8,     8,    22
  1215,     2,     7,     8,    22
  1216,     2,     7,     7,    22
  1217,     2,     6,     7,    22
  1218,     2,     6,     7,    21
  1219,     2,     7,     7,    21
  1220,     2,     7,     7,    20
  1221,     2,     7,     6,    20
  1222,     2,     7,     5,    20
  1223,     2,     8,     5,    20
  1224,     2,     9,     5,    20
  1225,     2,     9,     6,    20
  1226,     2,    10,     6,    20
  1227,     2,    10,     6,    21
  1228,     2,     9,     6,    21
  1229,     2,     8,     6,    21
  1230,     2,     8,     5,    21
  1231,     2,     7,     5,    21
  1232,     2,     6,     5,    21
  1233,     2,     6,     4,    21
  1234,     2,     6,     4,    22
  1235,     2,     5,     4,    22
  1236,     2,     5,     4,    23
  1237,     2,     5,     5,    23
  1238,     2,     4,     5,    23
  1239,     2,     4,     5,    22
  1240,     2,     4,     4,    22
  1241,     2,     3,     4,    22
  1242,     2,     3,     3,    22
  1243,     2,     3,     3,    23
  1244,     2,     4,     3,    23
  1245,     2,     4,     3,    24
  1246,     2,     5,     3,    24
  1247,     2,     5,     3,    25
  1248,     2,     4,     3,    25
  1249,     2,     4,     3,    26
  1250,     2,     4,     3,    27
  1251,     2,     3,     3,    27
  1252,     2,     3,     3,    28
  1253,     2,     2,     3,    28
  1254,     2,     2,     3,    29
  1255,     2,     2,     2,    29
  1256,     2,     2,     2,    28
  1257,     2,     3,     2,    28
  1258,     2,     3,     2,    29
  1259,     2,     3,     1,    29
  1260,     2,     4,     1,    29
  1261,     2,     4,     0,    29
  1262,     2,     5,     0,    29
  1263,     2,     5,    -1,    29
  1264,     2,     5,    -2,    29
  1265,     2,     5,    -3,    29
  1266,     2,     4,    -3,    29
  1267,     2,     4,    -4,    29
  1268,     2,     4,    -5,    29
  1269,     2,     4,    -6,    29
  1270,     2,     4,    -7,    29
  1271,     2,     4,    -8,    29
  1272,     2,     4,    -9,    29
  1273,     2,     5,    -9,    29
  1274,     2,     5,   -10,    29
  1275,     2,     5,   -11,    29
  1276,     2,     5,   -11,    30
  1277,     2,     5,   -11,    31
  1278,     2,     5,   -12,    31
  1279,     2,     5,   -13,    31
  1280,     2,     5,   -13,    32
  1281,     2,     5,   -13,    33
  1282,     2,     5,   -12,    33
  1283,     2,     5,   -11,    33
  1284,     2,     5,   -11,    34
  1285,     2,     5,   -10,    34
  1286,     2,     5,    -9,    34
  1287,     2,     5,    -8,    34
  1288,     2,     5,    -7,    34
  1289,     2,     6,    -7,    34
  1290,     2,     6,    -8,    34
  1291,     2,     6,    -9,    34
  1292,     2,     6,    -9,    33
  1293,     2,     6,   -10,    33
  1294,     2,     6,   -11,    33
  1295,     2,     6,   -12,    33
  1296,     2,     6,   -12,    32
  1297,     2,     6,   -13,    32
  1298,     2,     6,   -13,    31
  1299,     2,     6,   -12,    31
  1300,     2,     6,   -11,    31
  1301,     1,     6,   -10,    31
  1302,     1,     6,   -10,    30
  1303,     1,     6,    -9,    30
  1304,     1,     6,    -8,    30
  1305,     1,     6,    -7,    30
  1306,     1,     6,    -7,    29
  1307,     1,     6,    -6,    29
  1308,     1,     6,    -6,    28
  1309,     1,     6,    -5,    28
  1310,     1,     5,    -5,    28
  1311,     1,     5,    -4,    28
  1312,     1,     5,    -3,    28
  1313,     1,     5,    -2,    28
  1314,     1,     6,    -2,    28
  1315,     1,     6,    -2,    27
  1316,     1,     7,    -2,    27
  1317,     1,     7,    -2,    26
  1318,     1,     7,    -2,    25
  1319,     1,     7,    -2,    24
  1320,     1,     7,    -1,    24
  1321,     1,     8,    -1,    24
  1322,     1,     8,    -1,    23
  1323,     1,     8,     0,    23
  1324,     1,     8,     0,    22
  1325,     1,     9,     0,    22
  1326,     1,     9,     0,    23
  1327,     1,    10,     0,    23
  1328,     1,    10,    -1,    23
  1329,     1,     9,    -1,    23
  1330,     1,     9,    -1,    24
  1331,     1,     9,     0,    24
  1332,     1,    10,     0,    24
  1333,     1,    10,     1,    24
  1334,     1,    11,     1,    24
  1335,     1,    12,     1,    24
  1336,     1,    12,     2,    24
  1337,     1,    12,     2,    25
  1338,     1,    13,     2,    25
  1339,     1,    13,     1,    25
  1340,     1,    14,     1,    25
  1341,     1,    14,     1,    24
  1342,     1,    14,     1,    23
  1343,     1,    14,     2,    23
  1344,     1,    15,     2,    23
  1345,     1,    15,     3,    23
  1346,     1,    15,     3,    22
  1347,     1,    15,     4,    22
  1348,     1,    14,     4,    22
  1349,     1,    14,     4,    21
  1350,     1,    13,     4,    21
  1351,     1,    13,     4,    22
  1352,     1,    13,     3,    22
  1353,     1,    12,     3,    22
  1354,     1,    11,     3,    22
  1355,     1,    11,     2,    22
  1356,     1,    10,     2,    22
  1357,     1,    10,     1,    22
  1358,     1,    10,     1,    21
  1359,     1,     9,     1,    21
  1360,     1,     9,     1,    20
  1361,     1,     8,     1,    20
  1362,     1,     8,     1,    19
  1363,     1,     8,     1,    18
  1364,     1,     8,     1,    17
  1365,     1,     8,     2,    17
  1366,     1,     8,     2,    18
  1367,     1,     9,     2,    18
  1368,     1,     9,     2,    17
  1369,     1,     9,     1,    17
  1370,     1,    10,     1,    17
  1371,     1,    10,     1,    16
  1372,     1,     9,     1,    16
  1373,     1,     8,     1,    16
  1374,     1,     7,     1,    16
  1375,     1,     7,     1,    17
  1376,     1,     6,     1,    17
  1377,     1,     6,     0,    17
  1378,     1,     6,     0,    18
  1379,     1,     6,     0,    19
  1380,     1,     6,     1,    19
  1381,     1,     6,     1,    20
  1382,     1,     5,     1,    20
  1383,     1,     4,     1,    20
  1384,     1,     4,     1,    19
  1385,     1,     3,     1,    19
  1386,     1,     3,     1,    18
  1387,     1,     3,     2,    18
  1388,     1,     3,     2,    17
  1389,     1,     4,     2,    17
  1390,     1,     4,     2,    16
  1391,     1,     4,     2,    15
  1392,     1,     4,     1,    15
  1393,     1,     3,     1,    15
  1394,     1,     3,     0,    15
  1395,     1,     3,     0,    14
  1396,     1,     2,     0,    14
  1397,     1,     2,     0,    15
  1398,     1,     2,     0,    16
  1399,     1,     2,     0,    17
  1400,     1,     2,    -1,    17
  1401,     3,     1,    -1,    17
  1402,     3,     1,    -1,    16
  1403,     3,     1,     0,    16
  1404,     3,     0,     0,    16
  1405,     3,     0,     0,    15
  1406,     3,    -1,     0,    15
  1407,     3,    -2,     0,    15
  1408,     3,    -3,     0,    15
  1409,     3,    -3,    -1,    15
  1410,     3,    -3,    -1,    16
  1411,     3,    -2,    -1,    16
  1412,     3,    -2,    -1,    17
  1413,     3,    -2,    -1,    18
  1414,     3,    -1,    -1,    18
  1415,     3,     0,    -1,    18
  1416,     3,     0,     0,    18
  1417,     3,     0,     0,    19
  1418,     3,     0,    -1,    19
  1419,     3,     0,    -2,    19
  1420,     3,     0,    -2,    20
  1421,     3,     0,    -2,    21
  1422,     3,     0,    -3,    21
  1423,     3,     0,    -3,    20
  1424,     3,     1,    -3,    20
  1425,     3,     1,    -4,    20
  1426,     3,     1,    -5,    20
  1427,     3,     1,    -5,    21
  1428,     3,     1,    -4,    21
  1429,     3,     0,    -4,    21
  1430,     3,    -1,    -4,    21
  1431,     3,    -1,    -3,    21
  1432,     3,    -1,    -3,    20
  1433,     3,    -2,    -3,    20
  1434,     3,    -2,    -3,    21
  1435,     3,    -2,    -2,    21
  1436,     3,    -2,    -1,    21
  1437,     3,    -3,    -1,    21
  1438,     3,    -3,    -1,    20
  1439,     3,    -3,     0,    20
  1440,     3,    -3,     1,    20
  1441,     3,    -3,     1,    19
  1442,     3,    -2,     1,    19
  1443,     3,    -1,     1,    19
  1444,     3,    -1,     2,    19
  1445,     3,    -1,     2,    20
  1446,     3,    -2,     2,    20
  1447,     3,    -2,     3,    20
  1448,     3,    -2,     3,    19
  1449,     3,    -2,     3,    18
  1450,     3,    -3,     3,    18
  1451,     3,    -3,     2,    18
  1452,     3,    -3,     1,    18
  1453,     3,    -3,     1,    17
  1454,     3,    -4,     1,    17
  1455,     3,    -4,     1,    16
  1456,     3,    -5,     1,    16
  1457,     3,    -5,     2,    16
  1458,     3,    -5,     3,    16
  1459,     3,    -5,     4,    16
  1460,     3,    -5,     5,    16
  1461,     3,    -6,     5,    16
  1462,     3,    -7,     5,    16
  1463,     3,    -7,     6,    16
  1464,     3,    -7,     7,    16
  1465,     3,    -7,     7,    17
  1466,     3,    -7,     7,    18
  1467,     3,    -8,     7,    18
  1468,     3,    -8,     7,    17
  1469,     3,    -8,     8,    17
  1470,     3,    -8,     9,    17
  1471,     3,    -8,     9,    16
  1472,     3,    -7,     9,    16
  1473,     3,    -7,    10,    16
  1474,     3,    -6,    10,    16
  1475,     3,    -5,    10,    16
  1476,     3,    -5,    11,    16
  1477,     3,    -5,    12,    16
  1478,     3,    -5,    12,    17
  1479,     3,    -6,    12,    17
  1480,     3,    -6,    13,    17
  1481,     3,    -6,    13,    16
  1482,     3,    -6,    13,    15
  1483,     3,    -5,    13,    15
  1484,     3,    -5,    12,    15
  1485,     3,    -4,    12,    15
  1486,     3,    -4,    11,    15
  1487,     3,    -3,    11,    15
  1488,     3,    -3,    10,    15
  1489,     3,    -3,    10,    16
  1490,     3,    -2,    10,    16
  1491,     3,    -2,    11,    16
  1492,     3,    -2,    11,    17
  1493,     3,    -2,    10,    17
  1494,     3,    -2,    10,    18
  1495,     3,    -2,    10,    19
  1496,     3,    -2,    11,    19
  1497,     3,    -3,    11,    19
  1498,     3,    -3,    10,    19
  1499,     3,    -3,    10,    20
  1500,     3,    -2,    10,    20
  1501,     3,    -2,    10,    21
  1502,     3,    -1,    10,    21
  1503,     3,    -1,    10,    20
  1504,     3,    -1,     9,    20
  1505,     3,    -2,     9,    20
  1506,     3,    -2,     9,    19
  1507,     3,    -2,     8,    19
  1508,     3,    -1,     8,    19
  1509,     3,    -1,     7,    19
  1510,     3,    -1,     7,    20
  1511,     3,    -1,     8,    20
  1512,     3,     0,     8,    20
  1513,     3,     0,     8,    21
  1514,     3,    -1,     8,    21
  1515,     3,    -1,     9,    21
  1516,     3,    -2,     9,    21
  1517,     3,    -3,     9,    21
  1518,     3,    -3,     9,    22
  1519,     3,    -4,     9,    22
  1520,     3,    -4,     9,    23
  1521,     3,    -3,     9,    23
  1522,     3,    -2,     9,    23
  1523,     3,    -2,    10,    23
  1524,     3,    -2,    10,    22
  1525,     3,    -2,    11,    22
  1526,     3,    -3,    11,    22
  1527,     3,    -3,    11,    21
  1528,     3,    -2,    11,    21
  1529,     3,    -2,    12,    21
  1530,     3,    -2,    12,    20
  1531,     3,    -2,    12,    19
  1532,     3,    -2,    13,    19
  1533,     3,    -2,    13,    20
  1534,     3,    -1,    13,    20
  1535,     3,    -1,    12,    20
  1536,     3,     0,    12,    20
  1537,     3,     0,    12,    19
  1538,     3,     0,    12,    18
  1539,     3,     0,    13,    18
  1540,     3,     0,    13,    19
  1541,     3,     0,    14,    19
  1542,     3,     0,    15,    19
  1543,     3,    -1,    15,    19
  1544,     3,    -1,    14,    19
  1545,     3,    -1,    14,    18
  1546,     3,    -1,    15,    18
  1547,     3,     0,    15,    18
  1548,     3,     1,    15,    18
  1549,     3,     1,    14,    18
  1550,     3,     1,    13,    18
  1551,     3,     2,    13,    18
  1552,     3,     2,    13,    17
  1553,     3,     3,    13,    17
  1554,     3,     3,    13,    18
  1555,     3,     3,    14,    18
  1556,     3,     3,    15,    18
  1557,     3,     3,    16,    18
  1558,     3,     4,    16,    18
  1559,     3,     4,    17,    18
  1560,     3,     4,    17,    19
  1561,     3,     5,    17,    19
  1562,     3,     5,    18,    19
  1563,     3,     5,    19,    19
  1564,     3,     5,    19,    18
  1565,     3,     5,    20,    18
  1566,     3,     4,    20,    18
  1567,     3,     4,    21,    18
  1568,     3,     4,    22,    18
  1569,     3,     4,    22,    17
  1570,     3,     5,    22,    17
  1571,     3,     5,    22,    16
  1572,     3,     4,    22,    16
  1573,     3,     3,    22,    16
  1574,     3,     3,    21,    16
  1575,     3,     4,    21,    16
  1576,     3,     4,    21,    15
  1577,     3,     4,    22,    15
  1578,     3,     4,    23,    15
  1579,     3,     4,    23,    14
  1580,     3,     4,    23,    13
  1581,     3,     4,    24,    13
  1582,     3,     5,    24,    13
  1583,     3,     5,    24,    14
  1584,     3,     5,    24,    15
  1585,     3,     5,    25,    15
  1586,     3,     5,    25,    14
  1587,     3,     5,    25,    13
  1588,     3,     4,    25,    13
  1589,     3,     4,    25,    14
  1590,     3,     3,    25,    14
  1591,     3,     3,    24,    14
  1592,     3,     3,    23,    14
  1593,     3,     3,    23,    13
  1594,     3,     3,    22,    13
  1595,     3,     4,    22,    13
  1596,     3,     4,    22,    12
  1597,     3,     4,    21,    12
  1598,     3,     4,    21,    11
  1599,     3,     4,    21,    10
  1600,     3,     4,    20,    10
  1601,     1,     5,    20,    10
  1602,     1,     5,    21,    10
  1603,     1,     5,    21,     9
  1604,     1,     6,    21,     9
  1605,     1,     7,    21,     9
  1606,     1,     7,    21,    10
  1607,     1,     7,    21,    11
  1608,     1,     8,    21,    11
  1609,     1,     8,    21,    12
  1610,     1,     8,    22,    12
  1611,     1,     8,    22,    11
  1612,     1,     8,    22,    10
  1613,     1,     9,    22,    10
  1614,     1,     9,    21,    10
  1615,     1,    10,    21,    10
  1616,     1,    10,    20,    10
  1617,     1,    10,    20,    11
  1618,     1,    10,    19,    11
  1619,     1,    10,    19,    10
  1620,     1,    10,    18,    10
  1621,     1,     9,    18,    10
  1622,     1,     9,    18,     9
  1623,     1,     8,    18,     9
  1624,     1,     8,    18,     8
  1625,     1,     8,    18,     7
  1626,     1,     8,    19,     7
  1627,     1,     7,    19,     7
  1628,     1,     6,    19,     7
  1629,     1,     5,    19,     7
  1630,     1,     4,    19,     7
  1631,     1,     3,    19,     7
  1632,     1,     3,    19,     8
  1633,     1,     2,    19,     8
  1634,     1,     1,    19,     8
  1635,     1,     1,    20,     8
  1636,     1,     0,    20,     8
  1637,     1,    -1,    20,     8
  1638,     1,    -1,    20,     7
  1639,     1,    -2,    20,     7
  1640,     1,    -2,    21,     7
  1641,     1,    -3,    21,     7
  1642,     1,    -3,    20,     7
  1643,     1,    -4,    20,     7
  1644,     1,    -4,    19,     7
  1645,     1,    -4,    18,     7
  1646,     1,    -4,    18,     8
  1647,     1,    -4,    17,     8
  1648,     1,    -4,    17,     9
  1649,     1,    -4,    16,     9
  1650,     1,    -3,    16,     9
  1651,     1,    -3,    15,     9
  1652,     1,    -3,    15,     8
  1653,     1,    -3,    14,     8
  1654,     1,    -3,    13,     8
  1655,     1,    -3,    12,     8
  1656,     1,    -3,    11,     8
  1657,     1,    -3,    10,     8
  1658,     1,    -4,    10,     8
  1659,     1,    -4,    10,     9
  1660,     1,    -4,     9,     9
  1661,     1,    -4,     8,     9
  1662,     1,    -3,     8,     9
  1663,     1,    -3,     8,     8
  1664,     1,    -3,     7,     8
  1665,     1,    -3,     6,     8
  1666,     1,    -3,     6,     9
  1667,     1,    -3,     6,    10
  1668,     1,    -4,     6,    10
  1669,     1,    -4,     6,    11
  1670,     1,    -5,     6,    11
  1671,     1,    -5,     7,    11
  1672,     1,    -5,     7,    10
  1673,     1,    -5,     8,    10
  1674,     1,    -5,     8,    11
  1675,     1,    -5,     9,    11
  1676,     1,    -4,     9,    11
  1677,     1,    -4,    10,    11
  1678,     1,    -4,    10,    10
  1679,     1,    -4,    11,    10
  1680,     1,    -3,    11,    10
  1681,     1,    -3,    12,    10
  1682,     1,    -3,    13,    10
  1683,     1,    -3,    13,    11
  1684,     1,    -4,    13,    11
  1685,     1,    -5,    13,    11
  1686,     1,    -5,    13,    10
  1687,     1,    -5,    14,    10
  1688,     1,    -5,    14,     9
  1689,     1,    -6,    14,     9
  1690,     1,    -6,    13,     9
  1691,     1,    -6,    13,    10
  1692,     1,    -7,    13,    10
  1693,     1,    -7,    13,    11
  1694,     1,    -7,    12,    11
  1695,     1,    -7,    12,    12
  1696,     1,    -8,    12,    12
  1697,     1,    -8,    12,    13
  1698,     1,    -9,    12,    13
  1699,     1,    -9,    12,    14
  1700,     1,   -10,    12,    14
  1701,     1,   -10,    12,    15
  1702,     1,   -11,    12,    15
  1703,     1,   -11,    12,    16
  1704,     1,   -11,    12,    17
  1705,     1,   -11,    11,    17
  1706,     1,   -12,    11,    17
  1707,     1,   -12,    11,    18
  1708,     1,   -13,    11,    18
  1709,     1,   -14,    11,    18
  1710,     1,   -15,    11,    18
  1711,     1,   -16,    11,    18
  1712,     1,   -17,    11,    18
  1713,     1,   -18,    11,    18
  1714,     1,   -18,    11,    17
  1715,     1,   -19,    11,    17
  1716,     1,   -19,    11,    16
  1717,     1,   -19,    10,    16
  1718,     1,   -19,    10,    15
  1719,     1,   -18,    10,    15
  1720,     1,   -18,    11,    15
  1721,     1,   -18,    11,    16
  1722,     1,   -18,    12,    16
  1723,     1,   -18,    12,    15
  1724,     1,   -18,    13,    15
  1725,     1,   -17,    13,    15
  1726,     1,   -16,    13,    15
  1727,     1,   -16,    13,    16
  1728,     1,   -16,    14,    16
  1729,     1,   -16,    15,    16
  1730,     1,   -17,    15,    16
  1731,     1,   -18,    15,    16
  1732,     1,   -18,    16,    16
  1733,     1,   -17,    16,    16
  1734,     1,   -17,    16,    15
  1735,     1,   -17,    17,    15
  1736,     1,   -17,    18,    15
  1737,     1,   -18,    18,    15
  1738,     1,   -18,    18,    16
  1739,     1,   -19,    18,    16
  1740,     1,   -19,    18,    15
  1741,     1,   -20,    18,    15
  1742,     1,   -20,    19,    15
  1743,     1,   -20,    19,    16
  1744,     1,   -19,    19,    16
  1745,     1,   -19,    20,    16
  1746,     1,   -19,    20,    17
  1747,     1,   -19,    20,    18
  1748,     1,   -19,    19,    18
  1749,     1,   -19,    19,    19
  1750,     1,   -19,    20,    19
  1751,     1,   -18,    20,    19
  1752,     1,   -18,    20,    20
  1753,     1,   -19,    20,    20
  1754,     1,   -19,    20,    21
  1755,     1,   -19,    19,    21
  1756,     1,   -20,    19,    21
  1757,     1,   -20,    19,    22
  1758,     1,   -20,    18,    22
  1759,     1,   -20,    18,    23
  1760,     1,   -20,    17,    23
  1761,     1,   -20,    17,    22
  1762,     1,   -19,    17,    22
  1763,     1,   -19,    17,    21
  1764,     1,   -19,    17,    20
  1765,     1,   -19,    16,    20
  1766,     1,   -20,    16,    20
  1767,     1,   -21,    16,    20
  1768,     1,   -21,    16,    19
  1769,     1,   -21,    15,    19
  1770,     1,   -21,    14,    19
  1771,     1,   -21,    13,    19
  1772,     1,   -21,    13,    20
  1773,     1,   -21,    12,    20
  1774,     1,   -20,    12,    20
  1775,     1,   -20,    11,    20
  1776,     1,   -21,    11,    20
  1777,     1,   -21,    10,    20
  1778,     1,   -21,     9,    20
  1779,     1,   -21,     9,    19
  1780,     1,   -22,     9,    19
  1781,     1,   -22,     9,    20
  1782,     1,   -22,     9,    21
  1783,     1,   -22,     9,    22
  1784,     1,   -21,     9,    22
  1785,     1,   -21,     8,    22
  1786,     1,   -20,     8,    22
  1787,     1,   -20,     7,    22
  1788,     1,   -20,     7,    21
  1789,     1,   -20,     6,    21
  1790,     1,   -19,     6,    21
  1791,     1,   -19,     5,    21
  1792,     1,   -19,     5,    22
  1793,     1,   -19,     4,    22
  1794,     1,   -19,     3,    22
  1795,     1,   -19,     3,    23
  1796,     1,   -19,     2,    23
  1797,     1,   -20,     2,    23
  1798,     1,   -21,     2,    23
  1799,     1,   -21,     3,    23
  1800,     5,   -21,     3,    22
  1801,     1,   -21,     4,    22
  1802,     1,   -21,     4,    23
  1803,     1,   -21,     5,    23
  1804,     1,   -21,     6,    23
  1805,     1,   -21,     6,    24
  1806,     1,   -20,     6,    24
  1807,     1,   -20,     6,    25
  1808,     1,   -20,     6,    26
  1809,     1,   -20,     7,    26
  1810,     1,   -20,     7,    27
  1811,     1,   -20,     8,    27
  1812,     1,   -20,     8,    28
  1813,     1,   -20,     8,    29
  1814,     1,   -20,     9,    29
  1815,     1,   -19,     9,    29
  1816,     1,   -19,    10,    29
  1817,     1,   -19,    11,    29
  1818,     1,   -19,    12,    29
  1819,     1,   -18,    12,    29
  1820,     1,   -17,    12,    29
  1821,     1,   -16,    12,    29
  1822,     1,   -16,    12,    28
  1823,     1,   -16,    13,    28
  1824,     1,   -15,    13,    28
  1825,     1,   -15,    12,    28
  1826,     1,   -15,    12,    29
  1827,     1,   -15,    11,    29
  1828,     1,   -15,    11,    30
  1829,     1,   -16,    11,    30
  1830,     1,   -16,    11,    31
  1831,     1,   -17,    11,    31
  1832,     1,   -17,    10,    31
  1833,     1,   -17,    10,    32
  1834,     1,   -17,     9,    32
  1835,     1,   -17,     9,    31
  1836,     1,   -17,     8,    31
  1837,     1,   -17,     8,    30
  1838,     1,   -16,     8,    30
  1839,     1,   -16,     8,    31
  1840,     1,   -16,     9,    31
  1841,     1,   -16,     9,    32
  1842,     1,   -16,     8,    32
  1843,     1,   -16,     8,    33
  1844,     1,   -16,     8,    34
  1845,     1,   -16,     9,    34
  1846,     1,   -15,     9,    34
  1847,     1,   -15,     8,    34
  1848,     1,   -15,     7,    34
  1849,     1,   -15,     7,    35
  1850,     1,   -14,     7,    35
  1851,     1,   -14,     7,    36
  1852,     1,   -14,     6,    36
  1853,     1,   -15,     6,    36
  1854,     1,   -15,     5,    36
  1855,     1,   -15,     4,    36
  1856,     1,   -16,     4,    36
  1857,     1,   -16,     3,    36
  1858,     1,   -16,     2,    36
  1859,     1,   -17,     2,    36
  1860,     1,   -17,     2,    35
  1861,     1,   -17,     3,    35
  1862,     1,   -17,     4,    35
  1863,     1,   -17,     5,    35
  1864,     1,   -17,     5,    36
  1865,     1,   -17,     6,    36
  1866,     1,   -17,     7,    36
  1867,     1,   -16,     7,    36
  1868,     1,   -16,     8,    36
  1869,     1,   -16,     8,    37
  1870,     1,   -17,     8,    37
  1871,     1,   -18,     8,    37
  1872,     1,   -18,     8,    38
  1873,     1,   -19,     8,    38
  1874,     1,   -19,     7,    38
  1875,     1,   -19,     7,    37
  1876,     1,   -19,     6,    37
  1877,     1,   -20,     6,    37
  1878,     1,   -21,     6,    37
  1879,     1,   -21,     6,    38
  1880,     1,   -21,     5,    38
  1881,     1,   -22,     5,    38
  1882,     1,   -22,     4,    38
  1883,     1,   -22,     3,    38
  1884,     1,   -23,     3,    38
  1885,     1,   -23,     3,    39
  1886,     1,   -23,     2,    39
  1887,     1,   -23,     1,    39
  1888,     1,   -24,     1,    39
  1889,     1,   -24,     0,    39
  1890,     1,   -24,    -1,    39
  1891,     1,   -25,    -1,    39
  1892,     1,   -25,    -1,    38
  1893,     1,   -25,     0,    38
  1894,     1,   -25,     0,    37
  1895,     1,   -25,    -1,    37
  1896,     1,   -26,    -1,    37
  1897,     1,   -26,    -1,    36
  1898,     1,   -26,     0,    36
  1899,     1,   -26,     1,    36
  1900,     1,   -26,     2,    36
  1901,     1,   -26,     2,    35
  1902,     1,   -25,     2,    35
  1903,     1,   -25,     2,    34
  1904,     1,   -25,     3,    34
  1905,     1,   -25,     3,    35
  1906,     1,   -25,     4,    35
  1907,     1,   -25,     5,    35
  1908,     1,   -26,     5,    35
  1909,     1,   -27,     5,    35
  1910,     1,   -27,     6,    35
  1911,     1,   -27,     7,    35
  1912,     1,   -27,     8,    35
  1913,     1,   -27,     9,    35
  1914,     1,   -27,    10,    35
  1915,     1,   -27,    10,    34
  1916,     1,   -26,    10,    34
  1917,     1,   -26,    10,    33
  1918,     1,   -26,     9,    33
  1919,     1,   -26,     8,    33
  1920,     1,   -26,     8,    34
  1921,     1,   -26,     9,    34
  1922,     1,   -27,     9,    34
  1923,     1,   -27,     9,    33
  1924,     1,   -27,     8,    33
  1925,     1,   -28,     8,    33
  1926,     1,   -28,     8,    32
  1927,     1,   -28,     9,    32
  1928,     1,   -29,     9,    32
  1929,     1,   -30,     9,    32
  1930,     1,   -30,     8,    32
  1931,     1,   -29,     8,    32
  1932,     1,   -29,     7,    32
  1933,     1,   -28,     7,    32
  1934,     1,   -28,     6,    32
  1935,     1,   -28,     6,    31
  1936,     1,   -28,     6,    30
  1937,     1,   -28,     7,    30
  1938,     1,   -28,     8,    30
  1939,     1,   -29,     8,    30
  1940,     1,   -29,     9,    30
  1941,     1,   -29,     9,    29
  1942,     1,   -29,     9,    28
  1943,     1,   -30,     9,    28
  1944,     1,   -31,     9,    28
  1945,     1,   -31,     9,    29
  1946,     1,   -31,     8,    29
  1947,     1,   -31,     7,    29
  1948,     1,   -31,     7,    28
  1949,     1,   -31,     7,    27
  1950,     1,   -32,     7,    27
  1951,     1,   -33,     7,    27
  1952,     1,   -33,     7,    28
  1953,     1,   -34,     7,    28
  1954,     1,   -34,     8,    28
  1955,     1,   -34,     8,    27
  1956,     1,   -33,     8,    27
  1957,     1,   -33,     8,    26
  1958,     1,   -33,     9,    26
  1959,     1,   -33,     9,    27
  1960,     1,   -33,    10,    27
  1961,     1,   -32,    10,    27
  1962,     1,   -32,     9,    27
  1963,     1,   -31,     9,    27
  1964,     1,   -31,    10,    27
  1965,     1,   -31,    10,    26
  1966,     1,   -31,    10,    25
  1967,     1,   -31,    10,    24
  1968,     1,   -31,    10,    23
  1969,     1,   -31,    11,    23
  1970,     1,   -31,    12,    23
  1971,     1,   -31,    12,    24
  1972,     1,   -32,    12,    24
  1973,     1,   -32,    12,    25
  1974,     1,   -33,    12,    25
  1975,     1,   -33,    12,    26
  1976,     1,   -33,    13,    26
  1977,     1,   -34,    13,    26
  1978,     1,   -35,    13,    26
  1979,     1,   -35,    13,    25
  1980,     1,   -35,    14,    25
  1981,     1,   -35,    14,    24
  1982,     1,   -35,    14,    23
  1983,     1,   -36,    14,    23
  1984,     1,   -37,    14,    23
  1985,     1,   -37,    14,    22
  1986,     1,   -37,    13,    22
  1987,     1,   -37,    12,    22
  1988,     1,   -37,    11,    22
  1989,     1,   -36,    11,    22
  1990,     1,   -36,    11,    23
  1991,     1,   -36,    10,    23
  1992,     1,   -37,    10,    23
  1993,     1,   -37,    10,    22
  1994,     1,   -37,    10,    21
  1995,     1,   -37,    11,    21
  1996,     1,   -36,    11,    21
  1997,     1,   -36,    12,    21
  1998,     1,   -35,    12,    21
  1999,     1,   -35,    13,    21
  2000,     1,   -35,    13,    20
