     1,     1,     4,    34,    -7
     2,     1,     4,    35,    -7
     3,     1,     5,    35,    -7
     4,     1,     5,    34,    -7
     5,     1,     5,    34,    -8
     6,     1,     5,    33,    -8
     7,     1,     5,    32,    -8
     8,     1,     6,    32,    -8
     9,     1,     7,    32,    -8
    10,     1,     8,    32,    -8
    11,     1,     8,    31,    -8
    12,     1,     8,    31,    -7
    13,     1,     8,    30,    -7
    14,     1,     8,    30,    -8
    15,     1,     8,    30,    -9
    16,     1,     7,    30,    -9
    17,     1,     7,    29,    -9
    18,     1,     6,    29,    -9
    19,     1,     6,    29,   -10
    20,     1,     7,    29,   -10
    21,     1,     7,    29,   -11
    22,     1,     7,    30,   -11
    23,     1,     7,    31,   -11
    24,     1,     8,    31,   -11
    25,     1,     9,    31,   -11
    26,     1,     9,    32,   -11
    27,     1,     9,    33,   -11
    28,     1,     8,    33,   -11
    29,     1,     8,    33,   -10
    30,     1,     9,    33,   -10
    31,     1,     9,    33,    -9
    32,     1,     9,    34,    -9
    33,     1,    10,    34,    -9
    34,     1,    10,    34,    -8
    35,     1,    11,    34,    -8
    36,     1,    11,    33,    -8
    37,     1,    12,    33,    -8
    38,     1,    12,    33,    -7
    39,     1,    12,    33,    -6
    40,     1,    12,    33,    -5
    41,     1,    13,    33,    -5
    42,     1,    14,    33,    -5
    43,     1,    14,    32,    -5
    44,     1,    14,    32,    -6
    45,     1,    14,    31,    -6
    46,     1,    13,    31,    -6
    47,     1,    13,    31,    -7
    48,     1,    13,    31,    -8
    49,     1,    13,    31,    -9
    50,     1,    14,    31,    -9
    51,     1,    15,    31,    -9
    52,     1,    15,    31,   -10
    53,     1,    15,    31,   -11
    54,     1,    15,    30,   -11
    55,     1,    15,    30,   -12
    56,     1,    15,    29,   -12
    57,     1,    16,    29,   -12
    58,     1,    16,    28,   -12
    59,     1,    16,    27,   -12
    60,     1,    17,    27,   -12
    61,     1,    17,    27,   -13
    62,     1,    17,    26,   -13
    63,     1,    16,    26,   -13
    64,     1,    15,    26,   -13
    65,     1,    15,    25,   -13
    66,     1,    16,    25,   -13
    67,     1,    16,    24,   -13
    68,     1,    16,    23,   -13
    69,     1,    17,    23,   -13
    70,     1,    17,    23,   -14
    71,     1,    17,    22,   -14
    72,     1,    17,    21,   -14
    73,     1,    17,    21,   -15
    74,     1,    17,    21,   -16
    75,     1,    18,    21,   -16
    76,     1,    19,    21,   -16
    77,     1,    20,    21,   -16
    78,     1,    21,    21,   -16
    79,     1,    21,    22,   -16
    80,     1,    21,    22,   -15
    81,     1,    21,    22,   -14
    82,     1,    21,    21,   -14
    83,     1,    21,    21,   -13
    84,     1,    21,    21,   -12
    85,     1,    20,    21,   -12
    86,     1,    20,    20,   -12
    87,     1,    20,    20,   -11
    88,     1,    19,    20,   -11
    89,     1,    19,    19,   -11
    90,     1,    18,    19,   -11
    91,     1,    17,    19,   -11
    92,     1,    17,    18,   -11
    93,     1,    18,    18,   -11
    94,     1,    18,    17,   -11
    95,     1,    18,    17,   -10
    96,     1,    17,    17,   -10
    97,     1,    17,    18,   -10
    98,     1,    16,    18,   -10
    99,     1,    15,    18,   -10
   100,     1,    15,    18,   -11
   101,     1,    14,    18,   -11
   102,     1,    13,    18,   -11
   103,     1,    13,    18,   -12
   104,     1,    13,    17,   -12
   105,     1,    12,    17,   -12
   106,     1,    11,    17,   -12
   107,     1,    11,    18,   -12
   108,     1,    11,    19,   -12
   109,     1,    10,    19,   -12
   110,     1,    10,    20,   -12
   111,     1,    10,    20,   -11
   112,     1,    11,    20,   -11
   113,     1,    12,    20,   -11
   114,     1,    12,    20,   -10
   115,     1,    12,    21,   -10
   116,     1,    12,    21,    -9
   117,     1,    12,    21,    -8
   118,     1,    13,    21,    -8
   119,     1,    13,    21,    -7
   120,     1,    12,    21,    -7
   121,     1,    12,    22,    -7
   122,     1,    12,    22,    -6
   123,     1,    12,    23,    -6
   124,     1,    12,    24,    -6
   125,     1,    11,    24,    -6
   126,     1,    11,    25,    -6
   127,     1,    10,    25,    -6
   128,     1,    10,    25,    -7
   129,     1,     9,    25,    -7
   130,     1,     8,    25,    -7
   131,     1,     8,    25,    -6
   132,     1,     7,    25,    -6
   133,     1,     7,    24,    -6
   134,     1,     7,    24,    -5
   135,     1,     7,    24,    -4
   136,     1,     6,    24,    -4
   137,     1,     6,    24,    -3
   138,     1,     5,    24,    -3
   139,     1,     5,    25,    -3
   140,     1,     5,    25,    -4
   141,     1,     4,    25,    -4
   142,     1,     4,    24,    -4
   143,     1,     3,    24,    -4
   144,     1,     3,    23,    -4
   145,     1,     2,    23,    -4
   146,     1,     2,    23,    -5
   147,     1,     2,    22,    -5
   148,     1,     2,    22,    -6
   149,     1,     2,    21,    -6
   150,     1,     2,    21,    -7
   151,     1,     1,    21,    -7
   152,     1,     1,    21,    -8
   153,     1,     1,    20,    -8
   154,     1,     2,    20,    -8
   155,     1,     2,    20,    -9
   156,     1,     2,    20,   -10
   157,     1,     2,    19,   -10
   158,     1,     3,    19,   -10
   159,     1,     3,    18,   -10
   160,     1,     3,    17,   -10
   161,     1,     3,    17,    -9
   162,     1,     3,    17,    -8
   163,     1,     4,    17,    -8
   164,     1,     4,    18,    -8
   165,     1,     4,    18,    -9
   166,     1,     4,    19,    -9
   167,     1,     5,    19,    -9
   168,     1,     5,    19,    -8
   169,     1,     4,    19,    -8
   170,     1,     4,    19,    -7
   171,     1,     4,    18,    -7
   172,     1,     4,    18,    -6
   173,     1,     4,    17,    -6
   174,     1,     4,    17,    -5
   175,     1,     3,    17,    -5
   176,     1,     2,    17,    -5
   177,     1,     2,    18,    -5
   178,     1,     2,    18,    -6
   179,     1,     1,    18,    -6
   180,     1,     1,    18,    -7
   181,     1,     2,    18,    -7
   182,     1,     2,    17,    -7
   183,     1,     1,    17,    -7
   184,     1,     1,    17,    -8
   185,     1,     1,    16,    -8
   186,     1,     2,    16,    -8
   187,     1,     2,    16,    -9
   188,     1,     2,    15,    -9
   189,     1,     2,    14,    -9
   190,     1,     2,    14,    -8
   191,     1,     3,    14,    -8
   192,     1,     3,    14,    -7
   193,     1,     3,    13,    -7
   194,     1,     3,    12,    -7
   195,     1,     3,    11,    -7
   196,     1,     3,    11,    -8
   197,     1,     3,    11,    -9
   198,     1,     3,    10,    -9
   199,     1,     3,     9,    -9
   200,     1,     3,     8,    -9
   201,     4,     3,     8,   -10
   202,     1,     3,     7,   -10
   203,     1,     3,     6,   -10
   204,     1,     4,     6,   -10
   205,     1,     4,     6,   -11
   206,     1,     4,     5,   -11
   207,     1,     4,     4,   -11
   208,     1,     4,     4,   -10
   209,     1,     4,     4,    -9
   210,     1,     3,     4,    -9
   211,     1,     3,     5,    -9
   212,     1,     2,     5,    -9
   213,     1,     2,     5,   -10
   214,     1,     2,     6,   -10
   215,     1,     1,     6,   -10
   216,     1,     1,     7,   -10
   217,     1,     0,     7,   -10
   218,     1,     0,     7,   -11
   219,     1,     0,     6,   -11
   220,     1,    -1,     6,   -11
   221,     1,    -1,     7,   -11
   222,     1,    -2,     7,   -11
   223,     1,    -3,     7,   -11
   224,     1,    -3,     7,   -10
   225,     1,    -3,     7,    -9
   226,     1,    -3,     6,    -9
   227,     1,    -3,     6,    -8
   228,     1,    -3,     6,    -7
   229,     1,    -3,     6,    -6
   230,     1,    -4,     6,    -6
   231,     1,    -5,     6,    -6
   232,     1,    -6,     6,    -6
   233,     1,    -6,     6,    -7
   234,     1,    -6,     6,    -8
   235,     1,    -6,     7,    -8
   236,     1,    -7,     7,    -8
   237,     1,    -8,     7,    -8
   238,     1,    -8,     7,    -7
   239,     1,    -9,     7,    -7
   240,     1,    -9,     6,    -7
   241,     1,   -10,     6,    -7
   242,     1,   -10,     6,    -6
   243,     1,   -10,     6,    -5
   244,     1,    -9,     6,    -5
   245,     1,    -9,     6,    -4
   246,     1,    -8,     6,    -4
   247,     1,    -7,     6,    -4
   248,     1,    -7,     5,    -4
   249,     1,    -7,     5,    -3
   250,     1,    -8,     5,    -3
   251,     1,    -8,     4,    -3
   252,     1,    -9,     4,    -3
   253,     1,    -9,     4,    -2
   254,     1,    -8,     4,    -2
   255,     1,    -8,     3,    -2
   256,     1,    -8,     3,    -1
   257,     1,    -8,     4,    -1
   258,     1,    -7,     4,    -1
   259,     1,    -6,     4,    -1
   260,     1,    -6,     3,    -1
   261,     1,    -5,     3,    -1
   262,     1,    -5,     3,    -2
   263,     1,    -5,     2,    -2
   264,     1,    -5,     2,    -3
   265,     1,    -5,     1,    -3
   266,     1,    -4,     1,    -3
   267,     1,    -3,     1,    -3
   268,     1,    -3,     1,    -2
   269,     1,    -3,     2,    -2
   270,     1,    -2,     2,    -2
   271,     1,    -2,     1,    -2
   272,     1,    -2,     1,    -1
   273,     1,    -2,     0,    -1
   274,     1,    -1,     0,    -1
   275,     1,    -1,     0,    -2
   276,     1,     0,     0,    -2
   277,     1,     0,     0,    -3
   278,     1,     0,     0,    -4
   279,     1,     0,     0,    -5
   280,     1,     0,     0,    -6
   281,     1,    -1,     0,    -6
   282,     1,    -1,     1,    -6
   283,     1,    -1,     1,    -7
   284,     1,    -1,     2,    -7
   285,     1,    -1,     2,    -8
   286,     1,     0,     2,    -8
   287,     1,     0,     1,    -8
   288,     1,     1,     1,    -8
   289,     1,     1,     1,    -9
   290,     1,     2,     1,    -9
   291,     1,     3,     1,    -9
   292,     1,     3,     0,    -9
   293,     1,     3,     0,   -10
   294,     1,     4,     0,   -10
   295,     1,     4,     0,   -11
   296,     1,     5,     0,   -11
   297,     1,     5,     0,   -12
   298,     1,     5,    -1,   -12
   299,     1,     6,    -1,   -12
   300,     1,     7,    -1,   -12
   301,     1,     8,    -1,   -12
   302,     1,     8,     0,   -12
   303,     1,     9,     0,   -12
   304,     1,     9,     0,   -11
   305,     1,     9,     1,   -11
   306,     1,     9,     1,   -10
   307,     1,    10,     1,   -10
   308,     1,    10,     1,    -9
   309,     1,    10,     0,    -9
   310,     1,    11,     0,    -9
   311,     1,    11,    -1,    -9
   312,     1,    11,    -1,   -10
   313,     1,    10,    -1,   -10
   314,     1,    10,    -2,   -10
   315,     1,    10,    -3,   -10
   316,     1,    10,    -3,   -11
   317,     1,    10,    -4,   -11
   318,     1,    11,    -4,   -11
   319,     1,    11,    -4,   -10
   320,     1,    11,    -5,   -10
   321,     1,    10,    -5,   -10
   322,     1,    10,    -6,   -10
   323,     1,    10,    -7,   -10
   324,     1,    10,    -8,   -10
   325,     1,    11,    -8,   -10
   326,     1,    12,    -8,   -10
   327,     1,    12,    -9,   -10
   328,     1,    12,    -9,   -11
   329,     1,    13,    -9,   -11
   330,     1,    13,   -10,   -11
   331,     1,    14,   -10,   -11
   332,     1,    14,   -10,   -12
   333,     1,    15,   -10,   -12
   334,     1,    15,   -10,   -13
   335,     1,    16,   -10,   -13
   336,     1,    16,   -11,   -13
   337,     1,    16,   -12,   -13
   338,     1,    16,   -12,   -12
   339,     1,    15,   -12,   -12
   340,     1,    14,   -12,   -12
   341,     1,    14,   -13,   -12
   342,     1,    14,   -14,   -12
   343,     1,    13,   -14,   -12
   344,     1,    13,   -14,   -11
   345,     1,    12,   -14,   -11
   346,     1,    12,   -14,   -10
   347,     1,    12,   -14,    -9
   348,     1,    12,   -15,    -9
   349,     1,    12,   -15,    -8
   350,     1,    13,   -15,    -8
   351,     1,    13,   -15,    -7
   352,     1,    13,   -16,    -7
   353,     1,    13,   -17,    -7
   354,     1,    13,   -17,    -8
   355,     1,    12,   -17,    -8
   356,     1,    12,   -18,    -8
   357,     1,    11,   -18,    -8
   358,     1,    11,   -18,    -9
   359,     1,    10,   -18,    -9
   360,     1,    10,   -19,    -9
   361,     1,    10,   -19,   -10
   362,     1,    10,   -19,   -11
   363,     1,     9,   -19,   -11
   364,     1,     9,   -18,   -11
   365,     1,     8,   -18,   -11
   366,     1,     7,   -18,   -11
   367,     1,     7,   -19,   -11
   368,     1,     7,   -19,   -12
   369,     1,     7,   -20,   -12
   370,     1,     7,   -21,   -12
   371,     1,     8,   -21,   -12
   372,     1,     9,   -21,   -12
   373,     1,     9,   -21,   -13
   374,     1,     9,   -21,   -14
   375,     1,     8,   -21,   -14
   376,     1,     8,   -20,   -14
   377,     1,     9,   -20,   -14
   378,     1,     9,   -20,   -15
   379,     1,    10,   -20,   -15
   380,     1,    11,   -20,   -15
   381,     1,    12,   -20,   -15
   382,     1,    12,   -21,   -15
   383,     1,    12,   -21,   -14
   384,     1,    11,   -21,   -14
   385,     1,    11,   -22,   -14
   386,     1,    10,   -22,   -14
   387,     1,    10,   -22,   -13
   388,     1,    10,   -22,   -12
   389,     1,    10,   -21,   -12
   390,     1,    11,   -21,   -12
   391,     1,    12,   -21,   -12
   392,     1,    12,   -22,   -12
   393,     1,    12,   -23,   -12
   394,     1,    11,   -23,   -12
   395,     1,    11,   -23,   -11
   396,     1,    11,   -24,   -11
   397,     1,    10,   -24,   -11
   398,     1,    10,   -23,   -11
   399,     1,     9,   -23,   -11
   400,     1,     9,   -23,   -10
   401,     1,     9,   -23,    -9
   402,     1,     9,   -22,    -9
   403,     1,     9,   -22,    -8
   404,     1,     8,   -22,    -8
   405,     1,     7,   -22,    -8
   406,     1,     7,   -22,    -9
   407,     1,     6,   -22,    -9
   408,     1,     6,   -21,    -9
   409,     1,     5,   -21,    -9
   410,     1,     5,   -21,   -10
   411,     1,     4,   -21,   -10
   412,     1,     3,   -21,   -10
   413,     1,     2,   -21,   -10
   414,     1,     2,   -20,   -10
   415,     1,     2,   -20,    -9
   416,     1,     2,   -20,    -8
   417,     1,     3,   -20,    -8
   418,     1,     3,   -20,    -7
   419,     1,     3,   -20,    -6
   420,     1,     2,   -20,    -6
   421,     1,     2,   -21,    -6
   422,     1,     1,   -21,    -6
   423,     1,     1,   -21,    -5
   424,     1,     0,   -21,    -5
   425,     1,     0,   -21,    -4
   426,     1,     0,   -21,    -3
   427,     1,     0,   -21,    -2
   428,     1,     0,   -20,    -2
   429,     1,     0,   -19,    -2
   430,     1,     0,   -19,    -3
   431,     1,    -1,   -19,    -3
   432,     1,    -1,   -20,    -3
   433,     1,    -2,   -20,    -3
   434,     1,    -3,   -20,    -3
   435,     1,    -3,   -21,    -3
   436,     1,    -3,   -21,    -2
   437,     1,    -3,   -21,    -1
   438,     1,    -3,   -22,    -1
   439,     1,    -2,   -22,    -1
   440,     1,    -2,   -22,     0
   441,     1,    -2,   -21,     0
   442,     1,    -2,   -20,     0
   443,     1,    -2,   -20,     1
   444,     1,    -1,   -20,     1
   445,     1,     0,   -20,     1
   446,     1,     1,   -20,     1
   447,     1,     2,   -20,     1
   448,     1,     2,   -20,     0
   449,     1,     3,   -20,     0
   450,     1,     3,   -20,    -1
   451,     1,     3,   -19,    -1
   452,     1,     2,   -19,    -1
   453,     1,     2,   -18,    -1
   454,     1,     2,   -18,     0
   455,     1,     3,   -18,     0
   456,     1,     3,   -17,     0
   457,     1,     3,   -17,     1
   458,     1,     2,   -17,     1
   459,     1,     2,   -16,     1
   460,     1,     1,   -16,     1
   461,     1,     1,   -15,     1
   462,     1,     1,   -14,     1
   463,     1,     1,   -13,     1
   464,     1,     0,   -13,     1
   465,     1,     0,   -13,     0
   466,     1,     0,   -14,     0
   467,     1,    -1,   -14,     0
   468,     1,    -1,   -14,    -1
   469,     1,    -1,   -14,    -2
   470,     1,    -1,   -15,    -2
   471,     1,    -1,   -16,    -2
   472,     1,    -1,   -16,    -3
   473,     1,    -1,   -16,    -4
   474,     1,    -1,   -17,    -4
   475,     1,    -1,   -17,    -5
   476,     1,    -2,   -17,    -5
   477,     1,    -2,   -16,    -5
   478,     1,    -3,   -16,    -5
   479,     1,    -3,   -15,    -5
   480,     1,    -3,   -14,    -5
   481,     1,    -4,   -14,    -5
   482,     1,    -4,   -14,    -4
   483,     1,    -4,   -14,    -3
   484,     1,    -5,   -14,    -3
   485,     1,    -5,   -14,    -2
   486,     1,    -6,   -14,    -2
   487,     1,    -6,   -13,    -2
   488,     1,    -6,   -13,    -1
   489,     1,    -6,   -13,     0
   490,     1,    -7,   -13,     0
   491,     1,    -7,   -13,     1
   492,     1,    -7,   -14,     1
   493,     1,    -8,   -14,     1
   494,     1,    -8,   -14,     2
   495,     1,    -8,   -13,     2
   496,     1,    -8,   -12,     2
   497,     1,    -8,   -12,     3
   498,     1,    -9,   -12,     3
   499,     1,    -9,   -11,     3
   500,     1,    -9,   -11,     4
   501,     2,    -8,   -11,     4
   502,     2,    -8,   -11,     5
   503,     2,    -8,   -11,     6
   504,     2,    -7,   -11,     6
   505,     2,    -6,   -11,     6
   506,     2,    -6,   -10,     6
   507,     2,    -6,   -10,     7
   508,     2,    -6,    -9,     7
   509,     2,    -6,    -9,     6
   510,     2,    -7,    -9,     6
   511,     2,    -8,    -9,     6
   512,     2,    -9,    -9,     6
   513,     2,   -10,    -9,     6
   514,     2,   -10,    -9,     7
   515,     2,   -10,   -10,     7
   516,     2,    -9,   -10,     7
   517,     2,    -9,   -10,     8
   518,     2,    -9,   -11,     8
   519,     2,    -9,   -11,     9
   520,     2,   -10,   -11,     9
   521,     2,   -11,   -11,     9
   522,     2,   -12,   -11,     9
   523,     2,   -12,   -10,     9
   524,     2,   -13,   -10,     9
   525,     2,   -14,   -10,     9
   526,     2,   -14,    -9,     9
   527,     2,   -14,    -9,    10
   528,     2,   -14,    -8,    10
   529,     2,   -14,    -7,    10
   530,     2,   -13,    -7,    10
   531,     2,   -12,    -7,    10
   532,     2,   -12,    -7,     9
   533,     2,   -12,    -6,     9
   534,     2,   -11,    -6,     9
   535,     2,   -11,    -6,     8
   536,     2,   -11,    -5,     8
   537,     2,   -12,    -5,     8
   538,     2,   -13,    -5,     8
   539,     2,   -14,    -5,     8
   540,     2,   -15,    -5,     8
   541,     2,   -15,    -5,     7
   542,     2,   -15,    -6,     7
   543,     2,   -16,    -6,     7
   544,     2,   -16,    -6,     8
   545,     2,   -16,    -6,     9
   546,     2,   -16,    -6,    10
   547,     2,   -16,    -5,    10
   548,     2,   -16,    -4,    10
   549,     2,   -16,    -4,    11
   550,     2,   -17,    -4,    11
   551,     2,   -18,    -4,    11
   552,     2,   -18,    -5,    11
   553,     2,   -19,    -5,    11
   554,     2,   -20,    -5,    11
   555,     2,   -21,    -5,    11
   556,     2,   -21,    -5,    10
   557,     2,   -22,    -5,    10
   558,     2,   -23,    -5,    10
   559,     2,   -23,    -6,    10
   560,     2,   -23,    -7,    10
   561,     2,   -23,    -7,    11
   562,     2,   -23,    -6,    11
   563,     2,   -23,    -6,    12
   564,     2,   -23,    -7,    12
   565,     2,   -23,    -7,    13
   566,     2,   -23,    -7,    14
   567,     2,   -24,    -7,    14
   568,     2,   -25,    -7,    14
   569,     2,   -25,    -7,    15
   570,     2,   -25,    -6,    15
   571,     2,   -25,    -5,    15
   572,     2,   -25,    -4,    15
   573,     2,   -24,    -4,    15
   574,     2,   -23,    -4,    15
   575,     2,   -22,    -4,    15
   576,     2,   -22,    -3,    15
   577,     2,   -22,    -3,    16
   578,     2,   -22,    -2,    16
   579,     2,   -22,    -1,    16
   580,     2,   -23,    -1,    16
   581,     2,   -23,     0,    16
   582,     2,   -23,     1,    16
   583,     2,   -23,     1,    15
   584,     2,   -23,     0,    15
   585,     2,   -23,     0,    14
   586,     2,   -23,     0,    13
   587,     2,   -22,     0,    13
   588,     2,   -21,     0,    13
   589,     2,   -20,     0,    13
   590,     2,   -20,     0,    14
   591,     2,   -20,     1,    14
   592,     2,   -19,     1,    14
   593,     2,   -19,     1,    13
   594,     2,   -19,     1,    12
   595,     2,   -18,     1,    12
   596,     2,   -17,     1,    12
   597,     2,   -17,     2,    12
   598,     2,   -16,     2,    12
   599,     2,   -16,     2,    13
   600,     2,   -16,     2,    14
   601,     2,   -16,     1,    14
   602,     2,   -16,     1,    13
   603,     2,   -16,     0,    13
   604,     2,   -15,     0,    13
   605,     2,   -15,    -1,    13
   606,     2,   -15,    -1,    12
   607,     2,   -16,    -1,    12
   608,     2,   -16,    -1,    11
   609,     2,   -16,    -2,    11
   610,     2,   -16,    -2,    10
   611,     2,   -17,    -2,    10
   612,     2,   -17,    -2,     9
   613,     2,   -18,    -2,     9
   614,     2,   -18,    -2,     8
   615,     2,   -18,    -3,     8
   616,     2,   -19,    -3,     8
   617,     2,   -19,    -3,     7
   618,     2,   -19,    -4,     7
   619,     2,   -20,    -4,     7
   620,     2,   -20,    -4,     6
   621,     2,   -20,    -3,     6
   622,     2,   -19,    -3,     6
   623,     2,   -19,    -2,     6
   624,     2,   -19,    -2,     5
   625,     2,   -18,    -2,     5
   626,     2,   -17,    -2,     5
   627,     2,   -17,    -2,     4
   628,     2,   -17,    -2,     3
   629,     2,   -16,    -2,     3
   630,     2,   -16,    -3,     3
   631,     2,   -16,    -4,     3
   632,     2,   -17,    -4,     3
   633,     2,   -18,    -4,     3
   634,     2,   -18,    -4,     4
   635,     2,   -19,    -4,     4
   636,     2,   -19,    -5,     4
   637,     2,   -19,    -6,     4
   638,     2,   -19,    -7,     4
   639,     2,   -20,    -7,     4
   640,     2,   -20,    -8,     4
   641,     2,   -19,    -8,     4
   642,     2,   -19,    -9,     4
   643,     2,   -19,   -10,     4
   644,     2,   -20,   -10,     4
   645,     2,   -20,   -10,     5
   646,     2,   -20,   -11,     5
   647,     2,   -21,   -11,     5
   648,     2,   -21,   -12,     5
   649,     2,   -22,   -12,     5
   650,     2,   -22,   -12,     6
   651,     2,   -22,   -12,     7
   652,     2,   -22,   -13,     7
   653,     2,   -22,   -14,     7
   654,     2,   -21,   -14,     7
   655,     2,   -21,   -14,     6
   656,     2,   -22,   -14,     6
   657,     2,   -23,   -14,     6
   658,     2,   -23,   -15,     6
   659,     2,   -23,   -15,     5
   660,     2,   -23,   -15,     4
   661,     2,   -22,   -15,     4
   662,     2,   -22,   -16,     4
   663,     2,   -22,   -17,     4
   664,     2,   -22,   -18,     4
   665,     2,   -22,   -18,     5
   666,     2,   -23,   -18,     5
   667,     2,   -23,   -19,     5
   668,     2,   -23,   -20,     5
   669,     2,   -23,   -21,     5
   670,     2,   -23,   -22,     5
   671,     2,   -24,   -22,     5
   672,     2,   -25,   -22,     5
   673,     2,   -25,   -22,     4
   674,     2,   -25,   -23,     4
   675,     2,   -25,   -23,     3
   676,     2,   -24,   -23,     3
   677,     2,   -24,   -23,     2
   678,     2,   -23,   -23,     2
   679,     2,   -22,   -23,     2
   680,     2,   -21,   -23,     2
   681,     2,   -21,   -24,     2
   682,     2,   -21,   -24,     3
   683,     2,   -20,   -24,     3
   684,     2,   -19,   -24,     3
   685,     2,   -19,   -23,     3
   686,     2,   -19,   -22,     3
   687,     2,   -19,   -22,     4
   688,     2,   -19,   -21,     4
   689,     2,   -19,   -21,     5
   690,     2,   -18,   -21,     5
   691,     2,   -18,   -21,     4
   692,     2,   -18,   -20,     4
   693,     2,   -19,   -20,     4
   694,     2,   -20,   -20,     4
   695,     2,   -20,   -20,     5
   696,     2,   -20,   -19,     5
   697,     2,   -20,   -18,     5
   698,     2,   -19,   -18,     5
   699,     2,   -19,   -18,     4
   700,     2,   -20,   -18,     4
   701,     1,   -20,   -18,     3
   702,     1,   -20,   -18,     2
   703,     1,   -20,   -19,     2
   704,     1,   -20,   -19,     1
   705,     1,   -20,   -19,     0
   706,     1,   -19,   -19,     0
   707,     1,   -19,   -19,    -1
   708,     1,   -20,   -19,    -1
   709,     1,   -21,   -19,    -1
   710,     1,   -22,   -19,    -1
   711,     1,   -22,   -20,    -1
   712,     1,   -22,   -20,     0
   713,     1,   -22,   -21,     0
   714,     1,   -23,   -21,     0
   715,     1,   -23,   -21,     1
   716,     1,   -23,   -20,     1
   717,     1,   -23,   -20,     2
   718,     1,   -23,   -19,     2
   719,     1,   -23,   -18,     2
   720,     1,   -23,   -18,     3
   721,     1,   -24,   -18,     3
   722,     1,   -25,   -18,     3
   723,     1,   -25,   -17,     3
   724,     1,   -25,   -17,     4
   725,     1,   -24,   -17,     4
   726,     1,   -24,   -17,     5
   727,     1,   -24,   -17,     6
   728,     1,   -24,   -16,     6
   729,     1,   -25,   -16,     6
   730,     1,   -26,   -16,     6
   731,     1,   -26,   -17,     6
   732,     1,   -27,   -17,     6
   733,     1,   -27,   -18,     6
   734,     1,   -27,   -18,     5
   735,     1,   -26,   -18,     5
   736,     1,   -26,   -18,     4
   737,     1,   -26,   -19,     4
   738,     1,   -26,   -19,     3
   739,     1,   -26,   -19,     2
   740,     1,   -26,   -20,     2
   741,     1,   -25,   -20,     2
   742,     1,   -25,   -20,     1
   743,     1,   -25,   -21,     1
   744,     1,   -25,   -22,     1
   745,     1,   -26,   -22,     1
   746,     1,   -26,   -22,     2
   747,     1,   -26,   -23,     2
   748,     1,   -27,   -23,     2
   749,     1,   -27,   -23,     3
   750,     1,   -27,   -24,     3
   751,     1,   -26,   -24,     3
   752,     1,   -26,   -24,     4
   753,     1,   -27,   -24,     4
   754,     1,   -28,   -24,     4
   755,     1,   -28,   -23,     4
   756,     1,   -29,   -23,     4
   757,     1,   -29,   -22,     4
   758,     1,   -29,   -22,     3
   759,     1,   -29,   -21,     3
   760,     1,   -30,   -21,     3
   761,     1,   -30,   -21,     2
   762,     1,   -30,   -21,     1
   763,     1,   -30,   -22,     1
   764,     1,   -30,   -23,     1
   765,     1,   -30,   -24,     1
   766,     1,   -30,   -24,     0
   767,     1,   -31,   -24,     0
   768,     1,   -31,   -25,     0
   769,     1,   -31,   -26,     0
   770,     1,   -30,   -26,     0
   771,     1,   -30,   -26,     1
   772,     1,   -30,   -27,     1
   773,     1,   -29,   -27,     1
   774,     1,   -29,   -28,     1
   775,     1,   -29,   -28,     0
   776,     1,   -30,   -28,     0
   777,     1,   -30,   -29,     0
   778,     1,   -30,   -29,    -1
   779,     1,   -30,   -29,    -2
   780,     1,   -31,   -29,    -2
   781,     1,   -31,   -29,    -3
   782,     1,   -31,   -29,    -4
   783,     1,   -30,   -29,    -4
   784,     1,   -29,   -29,    -4
   785,     1,   -29,   -28,    -4
   786,     1,   -29,   -27,    -4
   787,     1,   -28,   -27,    -4
   788,     1,   -27,   -27,    -4
   789,     1,   -27,   -26,    -4
   790,     1,   -27,   -26,    -3
   791,     1,   -27,   -26,    -2
   792,     1,   -28,   -26,    -2
   793,     1,   -28,   -25,    -2
   794,     1,   -28,   -24,    -2
   795,     1,   -27,   -24,    -2
   796,     1,   -27,   -24,    -3
   797,     1,   -27,   -24,    -4
   798,     1,   -26,   -24,    -4
   799,     1,   -25,   -24,    -4
   800,     1,   -25,   -24,    -5
   801,     3,   -25,   -24,    -6
   802,     3,   -26,   -24,    -6
   803,     3,   -26,   -24,    -7
   804,     3,   -26,   -25,    -7
   805,     3,   -25,   -25,    -7
   806,     3,   -25,   -25,    -8
   807,     3,   -25,   -26,    -8
   808,     3,   -25,   -26,    -7
   809,     3,   -25,   -27,    -7
   810,     3,   -25,   -27,    -6
   811,     3,   -24,   -27,    -6
   812,     3,   -24,   -28,    -6
   813,     3,   -24,   -29,    -6
   814,     3,   -24,   -30,    -6
   815,     3,   -24,   -30,    -7
   816,     3,   -25,   -30,    -7
   817,     3,   -26,   -30,    -7
   818,     3,   -26,   -31,    -7
   819,     3,   -26,   -31,    -8
   820,     3,   -27,   -31,    -8
   821,     3,   -27,   -31,    -9
   822,     3,   -27,   -31,   -10
   823,     3,   -27,   -30,   -10
   824,     3,   -26,   -30,   -10
   825,     3,   -26,   -30,   -11
   826,     3,   -26,   -30,   -12
   827,     3,   -26,   -30,   -13
   828,     3,   -26,   -31,   -13
   829,     3,   -25,   -31,   -13
   830,     3,   -24,   -31,   -13
   831,     3,   -24,   -31,   -14
   832,     3,   -24,   -30,   -14
   833,     3,   -24,   -30,   -15
   834,     3,   -25,   -30,   -15
   835,     3,   -25,   -30,   -16
   836,     3,   -25,   -29,   -16
   837,     3,   -25,   -28,   -16
   838,     3,   -25,   -28,   -17
   839,     3,   -25,   -27,   -17
   840,     3,   -24,   -27,   -17
   841,     3,   -24,   -27,   -18
   842,     3,   -24,   -28,   -18
   843,     3,   -24,   -29,   -18
   844,     3,   -24,   -29,   -19
   845,     3,   -23,   -29,   -19
   846,     3,   -23,   -30,   -19
   847,     3,   -22,   -30,   -19
   848,     3,   -22,   -30,   -18
   849,     3,   -21,   -30,   -18
   850,     3,   -21,   -31,   -18
   851,     3,   -21,   -32,   -18
   852,     3,   -20,   -32,   -18
   853,     3,   -20,   -32,   -17
   854,     3,   -20,   -31,   -17
   855,     3,   -20,   -30,   -17
   856,     3,   -19,   -30,   -17
   857,     3,   -19,   -30,   -16
   858,     3,   -19,   -29,   -16
   859,     3,   -18,   -29,   -16
   860,     3,   -17,   -29,   -16
   861,     3,   -17,   -28,   -16
   862,     3,   -16,   -28,   -16
   863,     3,   -16,   -28,   -15
   864,     3,   -15,   -28,   -15
   865,     3,   -15,   -28,   -14
   866,     3,   -15,   -29,   -14
   867,     3,   -15,   -29,   -13
   868,     3,   -15,   -28,   -13
   869,     3,   -15,   -28,   -12
   870,     3,   -14,   -28,   -12
   871,     3,   -14,   -29,   -12
   872,     3,   -14,   -29,   -11
   873,     3,   -13,   -29,   -11
   874,     3,   -13,   -29,   -10
   875,     3,   -12,   -29,   -10
   876,     3,   -12,   -28,   -10
   877,     3,   -12,   -28,    -9
   878,     3,   -12,   -28,    -8
   879,     3,   -12,   -29,    -8
   880,     3,   -11,   -29,    -8
   881,     3,   -11,   -29,    -7
   882,     3,   -11,   -28,    -7
   883,     3,   -11,   -28,    -6
   884,     3,   -11,   -28,    -5
   885,     3,   -11,   -28,    -4
   886,     3,   -11,   -28,    -3
   887,     3,   -12,   -28,    -3
   888,     3,   -12,   -29,    -3
   889,     3,   -12,   -29,    -4
   890,     3,   -12,   -29,    -5
   891,     3,   -11,   -29,    -5
   892,     3,   -10,   -29,    -5
   893,     3,   -10,   -29,    -4
   894,     3,   -10,   -29,    -3
   895,     3,   -10,   -29,    -2
   896,     3,   -10,   -29,    -1
   897,     3,   -10,   -30,    -1
   898,     3,    -9,   -30,    -1
   899,     3,    -9,   -31,    -1
   900,     3,    -9,   -32,    -1
   901,     3,    -9,   -32,    -2
   902,     3,    -9,   -32,    -3
   903,     3,    -9,   -32,    -4
   904,     3,    -8,   -32,    -4
   905,     3,    -8,   -33,    -4
   906,     3,    -8,   -33,    -3
   907,     3,    -7,   -33,    -3
   908,     3,    -6,   -33,    -3
   909,     3,    -6,   -32,    -3
   910,     3,    -6,   -32,    -2
   911,     3,    -5,   -32,    -2
   912,     3,    -5,   -31,    -2
   913,     3,    -4,   -31,    -2
   914,     3,    -4,   -31,    -3
   915,     3,    -4,   -30,    -3
   916,     3,    -3,   -30,    -3
   917,     3,    -3,   -29,    -3
   918,     3,    -4,   -29,    -3
   919,     3,    -4,   -28,    -3
   920,     3,    -4,   -28,    -2
   921,     3,    -5,   -28,    -2
   922,     3,    -5,   -28,    -1
   923,     3,    -6,   -28,    -1
   924,     3,    -7,   -28,    -1
   925,     3,    -8,   -28,    -1
   926,     3,    -8,   -28,    -2
   927,     3,    -9,   -28,    -2
   928,     3,    -9,   -27,    -2
   929,     3,    -9,   -27,    -1
   930,     3,   -10,   -27,    -1
   931,     3,   -10,   -26,    -1
   932,     3,   -11,   -26,    -1
   933,     3,   -11,   -26,     0
   934,     3,   -11,   -26,     1
   935,     3,   -11,   -26,     2
   936,     3,   -11,   -25,     2
   937,     3,   -12,   -25,     2
   938,     3,   -12,   -25,     1
   939,     3,   -12,   -25,     0
   940,     3,   -12,   -25,    -1
   941,     3,   -13,   -25,    -1
   942,     3,   -13,   -25,    -2
   943,     3,   -13,   -25,    -3
   944,     3,   -13,   -24,    -3
   945,     3,   -13,   -24,    -4
   946,     3,   -12,   -24,    -4
   947,     3,   -12,   -23,    -4
   948,     3,   -12,   -23,    -5
   949,     3,   -11,   -23,    -5
   950,     3,   -11,   -22,    -5
   951,     3,   -11,   -22,    -4
   952,     3,   -10,   -22,    -4
   953,     3,   -10,   -21,    -4
   954,     3,    -9,   -21,    -4
   955,     3,    -8,   -21,    -4
   956,     3,    -8,   -20,    -4
   957,     3,    -8,   -20,    -5
   958,     3,    -8,   -19,    -5
   959,     3,    -8,   -18,    -5
   960,     3,    -9,   -18,    -5
   961,     3,    -9,   -18,    -4
   962,     3,    -9,   -19,    -4
   963,     3,    -9,   -19,    -3
   964,     3,    -9,   -19,    -2
   965,     3,    -8,   -19,    -2
   966,     3,    -8,   -20,    -2
   967,     3,    -7,   -20,    -2
   968,     3,    -7,   -21,    -2
   969,     3,    -7,   -21,    -1
   970,     3,    -7,   -20,    -1
   971,     3,    -7,   -19,    -1
   972,     3,    -6,   -19,    -1
   973,     3,    -6,   -19,    -2
   974,     3,    -6,   -18,    -2
   975,     3,    -6,   -17,    -2
   976,     3,    -6,   -17,    -3
   977,     3,    -6,   -17,    -4
   978,     3,    -7,   -17,    -4
   979,     3,    -7,   -17,    -5
   980,     3,    -7,   -16,    -5
   981,     3,    -8,   -16,    -5
   982,     3,    -8,   -15,    -5
   983,     3,    -8,   -14,    -5
   984,     3,    -8,   -14,    -6
   985,     3,    -7,   -14,    -6
   986,     3,    -7,   -14,    -7
   987,     3,    -7,   -15,    -7
   988,     3,    -7,   -15,    -8
   989,     3,    -7,   -16,    -8
   990,     3,    -7,   -16,    -9
   991,     3,    -7,   -16,   -10
   992,     3,    -7,   -16,   -11
   993,     3,    -7,   -17,   -11
   994,     3,    -6,   -17,   -11
   995,     3,    -6,   -17,   -12
   996,     3,    -6,   -17,   -13
   997,     3,    -7,   -17,   -13
   998,     3,    -7,   -18,   -13
   999,     3,    -8,   -18,   -13
  1000,     3,    -8,   -19,   -13
  1001,     1,    -8,   -19,   -14
  1002,     1,    -8,   -20,   -14
  1003,     1,    -7,   -20,   -14
  1004,     1,    -7,   -20,   -15
  1005,     1,    -7,   -20,   -16
  1006,     1,    -6,   -20,   -16
  1007,     1,    -6,   -20,   -17
  1008,     1,    -5,   -20,   -17
  1009,     1,    -5,   -19,   -17
  1010,     1,    -4,   -19,   -17
  1011,     1,    -4,   -19,   -18
  1012,     1,    -4,   -18,   -18
  1013,     1,    -3,   -18,   -18
  1014,     1,    -3,   -18,   -19
  1015,     1,    -3,   -18,   -20
  1016,     1,    -3,   -19,   -20
  1017,     1,    -3,   -20,   -20
  1018,     1,    -3,   -20,   -19
  1019,     1,    -3,   -20,   -18
  1020,     1,    -3,   -21,   -18
  1021,     1,    -4,   -21,   -18
  1022,     1,    -5,   -21,   -18
  1023,     1,    -5,   -22,   -18
  1024,     1,    -5,   -22,   -19
  1025,     1,    -4,   -22,   -19
  1026,     1,    -4,   -23,   -19
  1027,     1,    -4,   -23,   -18
  1028,     1,    -4,   -24,   -18
  1029,     1,    -4,   -25,   -18
  1030,     1,    -4,   -26,   -18
  1031,     1,    -3,   -26,   -18
  1032,     1,    -3,   -27,   -18
  1033,     1,    -3,   -27,   -17
  1034,     1,    -3,   -26,   -17
  1035,     1,    -3,   -25,   -17
  1036,     1,    -3,   -24,   -17
  1037,     1,    -2,   -24,   -17
  1038,     1,    -2,   -25,   -17
  1039,     1,    -2,   -25,   -16
  1040,     1,    -2,   -25,   -15
  1041,     1,    -1,   -25,   -15
  1042,     1,    -1,   -25,   -14
  1043,     1,    -1,   -24,   -14
  1044,     1,     0,   -24,   -14
  1045,     1,     0,   -24,   -13
  1046,     1,     0,   -25,   -13
  1047,     1,     1,   -25,   -13
  1048,     1,     2,   -25,   -13
  1049,     1,     3,   -25,   -13
  1050,     1,     3,   -24,   -13
  1051,     1,     3,   -23,   -13
  1052,     1,     3,   -22,   -13
  1053,     1,     3,   -22,   -12
  1054,     1,     3,   -22,   -11
  1055,     1,     3,   -23,   -11
  1056,     1,     3,   -24,   -11
  1057,     1,     4,   -24,   -11
  1058,     1,     4,   -25,   -11
  1059,     1,     5,   -25,   -11
  1060,     1,     5,   -26,   -11
  1061,     1,     6,   -26,   -11
  1062,     1,     7,   -26,   -11
  1063,     1,     7,   -26,   -12
  1064,     1,     7,   -26,   -13
  1065,     1,     7,   -27,   -13
  1066,     1,     8,   -27,   -13
  1067,     1,     8,   -28,   -13
  1068,     1,     9,   -28,   -13
  1069,     1,    10,   -28,   -13
  1070,     1,    10,   -29,   -13
  1071,     1,    10,   -30,   -13
  1072,     1,     9,   -30,   -13
  1073,     1,     9,   -31,   -13
  1074,     1,     9,   -31,   -14
  1075,     1,    10,   -31,   -14
  1076,     1,    10,   -31,   -15
  1077,     1,    10,   -32,   -15
  1078,     1,    11,   -32,   -15
  1079,     1,    12,   -32,   -15
  1080,     1,    12,   -32,   -16
  1081,     1,    12,   -32,   -17
  1082,     1,    12,   -31,   -17
  1083,     1,    11,   -31,   -17
  1084,     1,    11,   -30,   -17
  1085,     1,    11,   -30,   -16
  1086,     1,    12,   -30,   -16
  1087,     1,    13,   -30,   -16
  1088,     1,    13,   -30,   -17
  1089,     1,    13,   -30,   -18
  1090,     1,    13,   -29,   -18
  1091,     1,    13,   -28,   -18
  1092,     1,    13,   -28,   -17
  1093,     1,    12,   -28,   -17
  1094,     1,    11,   -28,   -17
  1095,     1,    11,   -28,   -16
  1096,     1,    11,   -27,   -16
  1097,     1,    12,   -27,   -16
  1098,     1,    12,   -26,   -16
  1099,     1,    12,   -26,   -17
  1100,     1,    12,   -25,   -17
  1101,     2,    11,   -25,   -17
  1102,     2,    11,   -24,   -17
  1103,     2,    11,   -23,   -17
  1104,     2,    11,   -23,   -18
  1105,     2,    11,   -23,   -19
  1106,     2,    12,   -23,   -19
  1107,     2,    13,   -23,   -19
  1108,     2,    13,   -23,   -18
  1109,     2,    14,   -23,   -18
  1110,     2,    14,   -23,   -17
  1111,     2,    14,   -24,   -17
  1112,     2,    14,   -25,   -17
  1113,     2,    14,   -26,   -17
  1114,     2,    14,   -26,   -16
  1115,     2,    14,   -27,   -16
  1116,     2,    14,   -27,   -15
  1117,     2,    15,   -27,   -15
  1118,     2,    15,   -27,   -14
  1119,     2,    16,   -27,   -14
  1120,     2,    16,   -27,   -13
  1121,     2,    16,   -26,   -13
  1122,     2,    16,   -25,   -13
  1123,     2,    16,   -25,   -14
  1124,     2,    15,   -25,   -14
  1125,     2,    15,   -24,   -14
  1126,     2,    16,   -24,   -14
  1127,     2,    17,   -24,   -14
  1128,     2,    17,   -24,   -15
  1129,     2,    17,   -23,   -15
  1130,     2,    17,   -23,   -16
  1131,     2,    16,   -23,   -16
  1132,     2,    16,   -23,   -17
  1133,     2,    16,   -22,   -17
  1134,     2,    16,   -22,   -18
  1135,     2,    17,   -22,   -18
  1136,     2,    17,   -22,   -19
  1137,     2,    17,   -22,   -20
  1138,     2,    17,   -21,   -20
  1139,     2,    17,   -21,   -21
  1140,     2,    17,   -20,   -21
  1141,     2,    17,   -20,   -20
  1142,     2,    18,   -20,   -20
  1143,     2,    19,   -20,   -20
  1144,     2,    19,   -19,   -20
  1145,     2,    19,   -18,   -20
  1146,     2,    18,   -18,   -20
  1147,     2,    18,   -18,   -19
  1148,     2,    18,   -17,   -19
  1149,     2,    18,   -17,   -18
  1150,     2,    17,   -17,   -18
  1151,     2,    17,   -17,   -17
  1152,     2,    17,   -18,   -17
  1153,     2,    17,   -18,   -16
  1154,     2,    18,   -18,   -16
  1155,     2,    18,   -18,   -15
  1156,     2,    19,   -18,   -15
  1157,     2,    19,   -18,   -14
  1158,     2,    19,   -19,   -14
  1159,     2,    20,   -19,   -14
  1160,     2,    20,   -18,   -14
  1161,     2,    20,   -18,   -13
  1162,     2,    20,   -19,   -13
  1163,     2,    21,   -19,   -13
  1164,     2,    21,   -20,   -13
  1165,     2,    22,   -20,   -13
  1166,     2,    22,   -20,   -14
  1167,     2,    21,   -20,   -14
  1168,     2,    21,   -21,   -14
  1169,     2,    20,   -21,   -14
  1170,     2,    20,   -22,   -14
  1171,     2,    19,   -22,   -14
  1172,     2,    19,   -22,   -13
  1173,     2,    19,   -21,   -13
  1174,     2,    18,   -21,   -13
  1175,     2,    17,   -21,   -13
  1176,     2,    17,   -21,   -12
  1177,     2,    17,   -20,   -12
  1178,     2,    17,   -19,   -12
  1179,     2,    17,   -18,   -12
  1180,     2,    17,   -18,   -11
  1181,     2,    16,   -18,   -11
  1182,     2,    16,   -19,   -11
  1183,     2,    16,   -20,   -11
  1184,     2,    15,   -20,   -11
  1185,     2,    15,   -20,   -10
  1186,     2,    15,   -20,    -9
  1187,     2,    14,   -20,    -9
  1188,     2,    14,   -20,    -8
  1189,     2,    14,   -19,    -8
  1190,     2,    15,   -19,    -8
  1191,     2,    15,   -19,    -7
  1192,     2,    15,   -19,    -6
  1193,     2,    16,   -19,    -6
  1194,     2,    17,   -19,    -6
  1195,     2,    18,   -19,    -6
  1196,     2,    18,   -20,    -6
  1197,     2,    19,   -20,    -6
  1198,     2,    19,   -19,    -6
  1199,     2,    19,   -18,    -6
  1200,     2,    19,   -17,    -6
  1201,     2,    19,   -17,    -5
  1202,     2,    20,   -17,    -5
  1203,     2,    20,   -16,    -5
  1204,     2,    20,   -16,    -4
  1205,     2,    21,   -16,    -4
  1206,     2,    21,   -16,    -3
  1207,     2,    21,   -16,    -2
  1208,     2,    22,   -16,    -2
  1209,     2,    22,   -15,    -2
  1210,     2,    22,   -15,    -1
  1211,     2,    21,   -15,    -1
  1212,     2,    21,   -14,    -1
  1213,     2,    21,   -14,    -2
  1214,     2,    21,   -14,    -3
  1215,     2,    20,   -14,    -3
  1216,     2,    20,   -15,    -3
  1217,     2,    19,   -15,    -3
  1218,     2,    19,   -16,    -3
  1219,     2,    19,   -16,    -2
  1220,     2,    19,   -16,    -1
  1221,     2,    19,   -16,     0
  1222,     2,    19,   -17,     0
  1223,     2,    19,   -17,     1
  1224,     2,    19,   -18,     1
  1225,     2,    20,   -18,     1
  1226,     2,    20,   -18,     2
  1227,     2,    21,   -18,     2
  1228,     2,    22,   -18,     2
  1229,     2,    22,   -18,     3
  1230,     2,    22,   -19,     3
  1231,     2,    22,   -19,     4
  1232,     2,    22,   -19,     5
  1233,     2,    22,   -20,     5
  1234,     2,    23,   -20,     5
  1235,     2,    23,   -21,     5
  1236,     2,    24,   -21,     5
  1237,     2,    24,   -22,     5
  1238,     2,    25,   -22,     5
  1239,     2,    25,   -22,     4
  1240,     2,    25,   -23,     4
  1241,     2,    25,   -23,     3
  1242,     2,    25,   -23,     2
  1243,     2,    25,   -24,     2
  1244,     2,    25,   -24,     1
  1245,     2,    26,   -24,     1
  1246,     2,    26,   -24,     0
  1247,     2,    26,   -23,     0
  1248,     2,    26,   -23,    -1
  1249,     2,    26,   -23,    -2
  1250,     2,    26,   -23,    -3
  1251,     2,    26,   -22,    -3
  1252,     2,    26,   -21,    -3
  1253,     2,    27,   -21,    -3
  1254,     2,    28,   -21,    -3
  1255,     2,    28,   -20,    -3
  1256,     2,    28,   -20,    -2
  1257,     2,    28,   -21,    -2
  1258,     2,    28,   -22,    -2
  1259,     2,    28,   -23,    -2
  1260,     2,    28,   -24,    -2
  1261,     2,    28,   -24,    -3
  1262,     2,    28,   -24,    -4
  1263,     2,    29,   -24,    -4
  1264,     2,    29,   -23,    -4
  1265,     2,    30,   -23,    -4
  1266,     2,    30,   -23,    -5
  1267,     2,    30,   -23,    -6
  1268,     2,    31,   -23,    -6
  1269,     2,    31,   -23,    -7
  1270,     2,    32,   -23,    -7
  1271,     2,    33,   -23,    -7
  1272,     2,    33,   -23,    -8
  1273,     2,    33,   -22,    -8
  1274,     2,    33,   -22,    -7
  1275,     2,    33,   -21,    -7
  1276,     2,    33,   -21,    -6
  1277,     2,    34,   -21,    -6
  1278,     2,    34,   -20,    -6
  1279,     2,    34,   -20,    -7
  1280,     2,    34,   -19,    -7
  1281,     2,    34,   -19,    -8
  1282,     2,    33,   -19,    -8
  1283,     2,    32,   -19,    -8
  1284,     2,    31,   -19,    -8
  1285,     2,    30,   -19,    -8
  1286,     2,    29,   -19,    -8
  1287,     2,    28,   -19,    -8
  1288,     2,    28,   -19,    -7
  1289,     2,    27,   -19,    -7
  1290,     2,    27,   -19,    -6
  1291,     2,    28,   -19,    -6
  1292,     2,    29,   -19,    -6
  1293,     2,    29,   -19,    -5
  1294,     2,    29,   -18,    -5
  1295,     2,    29,   -18,    -4
  1296,     2,    29,   -17,    -4
  1297,     2,    30,   -17,    -4
  1298,     2,    30,   -16,    -4
  1299,     2,    30,   -16,    -5
  1300,     2,    29,   -16,    -5
  1301,     1,    29,   -17,    -5
  1302,     1,    28,   -17,    -5
  1303,     1,    27,   -17,    -5
  1304,     1,    26,   -17,    -5
  1305,     1,    26,   -17,    -6
  1306,     1,    26,   -17,    -7
  1307,     1,    26,   -18,    -7
  1308,     1,    25,   -18,    -7
  1309,     1,    25,   -18,    -6
  1310,     1,    24,   -18,    -6
  1311,     1,    24,   -18,    -5
  1312,     1,    23,   -18,    -5
  1313,     1,    23,   -19,    -5
  1314,     1,    23,   -19,    -4
  1315,     1,    22,   -19,    -4
  1316,     1,    22,   -19,    -3
  1317,     1,    22,   -18,    -3
  1318,     1,    21,   -18,    -3
  1319,     1,    21,   -18,    -4
  1320,     1,    20,   -18,    -4
  1321,     1,    20,   -19,    -4
  1322,     1,    20,   -19,    -3
  1323,     1,    19,   -19,    -3
  1324,     1,    19,   -18,    -3
  1325,     1,    19,   -18,    -2
  1326,     1,    19,   -18,    -1
  1327,     1,    19,   -19,    -1
  1328,     1,    18,   -19,    -1
  1329,     1,    18,   -18,    -1
  1330,     1,    17,   -18,    -1
  1331,     1,    17,   -18,    -2
  1332,     1,    16,   -18,    -2
  1333,     1,    16,   -18,    -3
  1334,     1,    16,   -18,    -4
  1335,     1,    16,   -17,    -4
  1336,     1,    16,   -17,    -5
  1337,     1,    15,   -17,    -5
  1338,     1,    15,   -17,    -6
  1339,     1,    15,   -16,    -6
  1340,     1,    15,   -15,    -6
  1341,     1,    16,   -15,    -6
  1342,     1,    16,   -15,    -7
  1343,     1,    17,   -15,    -7
  1344,     1,    17,   -15,    -8
  1345,     1,    17,   -16,    -8
  1346,     1,    17,   -16,    -9
  1347,     1,    17,   -16,   -10
  1348,     1,    16,   -16,   -10
  1349,     1,    15,   -16,   -10
  1350,     1,    15,   -16,   -11
  1351,     1,    15,   -15,   -11
  1352,     1,    15,   -14,   -11
  1353,     1,    15,   -14,   -10
  1354,     1,    15,   -14,    -9
  1355,     1,    16,   -14,    -9
  1356,     1,    16,   -13,    -9
  1357,     1,    17,   -13,    -9
  1358,     1,    17,   -12,    -9
  1359,     1,    16,   -12,    -9
  1360,     1,    16,   -11,    -9
  1361,     1,    17,   -11,    -9
  1362,     1,    18,   -11,    -9
  1363,     1,    19,   -11,    -9
  1364,     1,    20,   -11,    -9
  1365,     1,    20,   -11,   -10
  1366,     1,    21,   -11,   -10
  1367,     1,    22,   -11,   -10
  1368,     1,    23,   -11,   -10
  1369,     1,    23,   -12,   -10
  1370,     1,    23,   -12,   -11
  1371,     1,    22,   -12,   -11
  1372,     1,    21,   -12,   -11
  1373,     1,    21,   -11,   -11
  1374,     1,    21,   -10,   -11
  1375,     1,    21,    -9,   -11
  1376,     1,    20,    -9,   -11
  1377,     1,    20,    -8,   -11
  1378,     1,    20,    -8,   -12
  1379,     1,    21,    -8,   -12
  1380,     1,    21,    -7,   -12
  1381,     1,    21,    -7,   -13
  1382,     1,    22,    -7,   -13
  1383,     1,    22,    -7,   -14
  1384,     1,    22,    -6,   -14
  1385,     1,    22,    -6,   -15
  1386,     1,    21,    -6,   -15
  1387,     1,    21,    -7,   -15
  1388,     1,    20,    -7,   -15
  1389,     1,    20,    -7,   -14
  1390,     1,    20,    -6,   -14
  1391,     1,    20,    -6,   -13
  1392,     1,    20,    -5,   -13
  1393,     1,    20,    -4,   -13
  1394,     1,    20,    -4,   -14
  1395,     1,    21,    -4,   -14
  1396,     1,    21,    -4,   -15
  1397,     1,    21,    -3,   -15
  1398,     1,    22,    -3,   -15
  1399,     1,    22,    -3,   -14
  1400,     1,    22,    -3,   -13
  1401,     3,    22,    -3,   -12
  1402,     3,    22,    -3,   -11
  1403,     3,    23,    -3,   -11
  1404,     3,    23,    -2,   -11
  1405,     3,    23,    -1,   -11
  1406,     3,    23,     0,   -11
  1407,     3,    23,     0,   -10
  1408,     3,    24,     0,   -10
  1409,     3,    24,    -1,   -10
  1410,     3,    24,    -2,   -10
  1411,     3,    25,    -2,   -10
  1412,     3,    26,    -2,   -10
  1413,     3,    26,    -1,   -10
  1414,     3,    27,    -1,   -10
  1415,     3,    27,    -1,   -11
  1416,     3,    28,    -1,   -11
  1417,     3,    28,    -1,   -10
  1418,     3,    29,    -1,   -10
  1419,     3,    29,     0,   -10
  1420,     3,    29,     0,   -11
  1421,     3,    30,     0,   -11
  1422,     3,    30,     1,   -11
  1423,     3,    30,     2,   -11
  1424,     3,    30,     3,   -11
  1425,     3,    31,     3,   -11
  1426,     3,    31,     3,   -10
  1427,     3,    32,     3,   -10
  1428,     3,    32,     3,    -9
  1429,     3,    32,     2,    -9
  1430,     3,    32,     2,   -10
  1431,     3,    32,     1,   -10
  1432,     3,    31,     1,   -10
  1433,     3,    31,     0,   -10
  1434,     3,    31,    -1,   -10
  1435,     3,    31,    -1,    -9
  1436,     3,    32,    -1,    -9
  1437,     3,    32,    -1,    -8
  1438,     3,    32,     0,    -8
  1439,     3,    32,     0,    -7
  1440,     3,    33,     0,    -7
  1441,     3,    33,     1,    -7
  1442,     3,    33,     2,    -7
  1443,     3,    33,     2,    -6
  1444,     3,    32,     2,    -6
  1445,     3,    32,     2,    -5
  1446,     3,    32,     2,    -4
  1447,     3,    31,     2,    -4
  1448,     3,    31,     3,    -4
  1449,     3,    31,     4,    -4
  1450,     3,    31,     4,    -5
  1451,     3,    32,     4,    -5
  1452,     3,    32,     4,    -6
  1453,     3,    33,     4,    -6
  1454,     3,    33,     5,    -6
  1455,     3,    33,     6,    -6
  1456,     3,    33,     7,    -6
  1457,     3,    33,     7,    -5
  1458,     3,    33,     8,    -5
  1459,     3,    34,     8,    -5
  1460,     3,    34,     8,    -6
  1461,     3,    35,     8,    -6
  1462,     3,    35,     9,    -6
  1463,     3,    34,     9,    -6
  1464,     3,    34,    10,    -6
  1465,     3,    34,    11,    -6
  1466,     3,    35,    11,    -6
  1467,     3,    35,    11,    -7
  1468,     3,    35,    11,    -8
  1469,     3,    34,    11,    -8
  1470,     3,    34,    10,    -8
  1471,     3,    34,     9,    -8
  1472,     3,    33,     9,    -8
  1473,     3,    33,    10,    -8
  1474,     3,    32,    10,    -8
  1475,     3,    32,    10,    -9
  1476,     3,    32,    11,    -9
  1477,     3,    32,    11,   -10
  1478,     3,    31,    11,   -10
  1479,     3,    30,    11,   -10
  1480,     3,    30,    10,   -10
  1481,     3,    30,    10,   -11
  1482,     3,    30,    11,   -11
  1483,     3,    30,    12,   -11
  1484,     3,    31,    12,   -11
  1485,     3,    31,    12,   -12
  1486,     3,    31,    12,   -13
  1487,     3,    31,    11,   -13
  1488,     3,    31,    11,   -14
  1489,     3,    31,    11,   -15
  1490,     3,    31,    10,   -15
  1491,     3,    31,    10,   -14
  1492,     3,    30,    10,   -14
  1493,     3,    30,    11,   -14
  1494,     3,    30,    12,   -14
  1495,     3,    29,    12,   -14
  1496,     3,    29,    12,   -15
  1497,     3,    29,    12,   -16
  1498,     3,    29,    11,   -16
  1499,     3,    28,    11,   -16
  1500,     3,    28,    10,   -16
  1501,     3,    28,     9,   -16
  1502,     3,    28,     9,   -17
  1503,     3,    28,     9,   -18
  1504,     3,    29,     9,   -18
  1505,     3,    29,     8,   -18
  1506,     3,    30,     8,   -18
  1507,     3,    30,     7,   -18
  1508,     3,    30,     7,   -17
  1509,     3,    29,     7,   -17
  1510,     3,    29,     7,   -16
  1511,     3,    29,     6,   -16
  1512,     3,    29,     5,   -16
  1513,     3,    28,     5,   -16
  1514,     3,    28,     5,   -15
  1515,     3,    28,     6,   -15
  1516,     3,    28,     6,   -14
  1517,     3,    28,     7,   -14
  1518,     3,    28,     8,   -14
  1519,     3,    28,     8,   -13
  1520,     3,    27,     8,   -13
  1521,     3,    27,     8,   -14
  1522,     3,    26,     8,   -14
  1523,     3,    25,     8,   -14
  1524,     3,    25,     8,   -15
  1525,     3,    25,     7,   -15
  1526,     3,    25,     7,   -16
  1527,     3,    24,     7,   -16
  1528,     3,    23,     7,   -16
  1529,     3,    23,     7,   -15
  1530,     3,    23,     6,   -15
  1531,     3,    23,     5,   -15
  1532,     3,    23,     5,   -16
  1533,     3,    23,     5,   -17
  1534,     3,    23,     5,   -18
  1535,     3,    23,     5,   -19
  1536,     3,    22,     5,   -19
  1537,     3,    22,     6,   -19
  1538,     3,    21,     6,   -19
  1539,     3,    21,     6,   -18
  1540,     3,    20,     6,   -18
  1541,     3,    20,     7,   -18
  1542,     3,    21,     7,   -18
  1543,     3,    21,     7,   -17
  1544,     3,    21,     8,   -17
  1545,     3,    21,     9,   -17
  1546,     3,    20,     9,   -17
  1547,     3,    20,    10,   -17
  1548,     3,    20,    10,   -18
  1549,     3,    20,    11,   -18
  1550,     3,    20,    12,   -18
  1551,     3,    20,    12,   -17
  1552,     3,    21,    12,   -17
  1553,     3,    21,    13,   -17
  1554,     3,    21,    13,   -18
  1555,     3,    22,    13,   -18
  1556,     3,    23,    13,   -18
  1557,     3,    23,    14,   -18
  1558,     3,    23,    14,   -17
  1559,     3,    24,    14,   -17
  1560,     3,    24,    15,   -17
  1561,     3,    24,    15,   -16
  1562,     3,    24,    15,   -15
  1563,     3,    23,    15,   -15
  1564,     3,    22,    15,   -15
  1565,     3,    22,    15,   -16
  1566,     3,    22,    16,   -16
  1567,     3,    22,    16,   -17
  1568,     3,    21,    16,   -17
  1569,     3,    21,    16,   -18
  1570,     3,    22,    16,   -18
  1571,     3,    22,    17,   -18
  1572,     3,    22,    17,   -19
  1573,     3,    22,    18,   -19
  1574,     3,    23,    18,   -19
  1575,     3,    23,    18,   -20
  1576,     3,    23,    19,   -20
  1577,     3,    24,    19,   -20
  1578,     3,    24,    20,   -20
  1579,     3,    24,    20,   -19
  1580,     3,    23,    20,   -19
  1581,     3,    22,    20,   -19
  1582,     3,    22,    21,   -19
  1583,     3,    23,    21,   -19
  1584,     3,    23,    21,   -20
  1585,     3,    23,    21,   -21
  1586,     3,    24,    21,   -21
  1587,     3,    24,    22,   -21
  1588,     3,    23,    22,   -21
  1589,     3,    23,    22,   -22
  1590,     3,    22,    22,   -22
  1591,     3,    22,    22,   -23
  1592,     3,    22,    21,   -23
  1593,     3,    21,    21,   -23
  1594,     3,    21,    20,   -23
  1595,     3,    21,    20,   -24
  1596,     3,    21,    20,   -25
  1597,     3,    21,    20,   -26
  1598,     3,    20,    20,   -26
  1599,     3,    20,    20,   -27
  1600,     3,    19,    20,   -27
  1601,     1,    19,    19,   -27
  1602,     1,    19,    18,   -27
  1603,     1,    19,    18,   -26
  1604,     1,    18,    18,   -26
  1605,     1,    17,    18,   -26
  1606,     1,    17,    19,   -26
  1607,     1,    16,    19,   -26
  1608,     1,    16,    19,   -27
  1609,     1,    16,    19,   -28
  1610,     1,    15,    19,   -28
  1611,     1,    15,    20,   -28
  1612,     1,    16,    20,   -28
  1613,     1,    16,    20,   -29
  1614,     1,    16,    21,   -29
  1615,     1,    16,    22,   -29
  1616,     1,    16,    22,   -28
  1617,     1,    16,    23,   -28
  1618,     1,    17,    23,   -28
  1619,     1,    17,    24,   -28
  1620,     1,    17,    25,   -28
  1621,     1,    17,    25,   -29
  1622,     1,    18,    25,   -29
  1623,     1,    18,    26,   -29
  1624,     1,    19,    26,   -29
  1625,     1,    19,    26,   -30
  1626,     1,    19,    27,   -30
  1627,     1,    18,    27,   -30
  1628,     1,    18,    27,   -31
  1629,     1,    18,    28,   -31
  1630,     1,    17,    28,   -31
  1631,     1,    17,    28,   -32
  1632,     1,    17,    27,   -32
  1633,     1,    17,    27,   -33
  1634,     1,    16,    27,   -33
  1635,     1,    15,    27,   -33
  1636,     1,    15,    27,   -32
  1637,     1,    15,    28,   -32
  1638,     1,    15,    28,   -31
  1639,     1,    14,    28,   -31
  1640,     1,    14,    29,   -31
  1641,     1,    13,    29,   -31
  1642,     1,    13,    29,   -32
  1643,     1,    13,    29,   -33
  1644,     1,    13,    29,   -34
  1645,     1,    12,    29,   -34
  1646,     1,    12,    28,   -34
  1647,     1,    12,    27,   -34
  1648,     1,    12,    27,   -35
  1649,     1,    12,    26,   -35
  1650,     1,    12,    26,   -36
  1651,     1,    13,    26,   -36
  1652,     1,    13,    26,   -35
  1653,     1,    13,    26,   -34
  1654,     1,    12,    26,   -34
  1655,     1,    12,    25,   -34
  1656,     1,    11,    25,   -34
  1657,     1,    11,    25,   -33
  1658,     1,    11,    24,   -33
  1659,     1,    10,    24,   -33
  1660,     1,    10,    24,   -34
  1661,     1,    10,    23,   -34
  1662,     1,     9,    23,   -34
  1663,     1,     9,    23,   -35
  1664,     1,     9,    22,   -35
  1665,     1,     8,    22,   -35
  1666,     1,     8,    22,   -36
  1667,     1,     8,    22,   -37
  1668,     1,     8,    22,   -38
  1669,     1,     9,    22,   -38
  1670,     1,     9,    22,   -39
  1671,     1,    10,    22,   -39
  1672,     1,    10,    22,   -40
  1673,     1,    11,    22,   -40
  1674,     1,    11,    22,   -41
  1675,     1,    11,    22,   -42
  1676,     1,    10,    22,   -42
  1677,     1,    10,    21,   -42
  1678,     1,    10,    20,   -42
  1679,     1,    10,    20,   -41
  1680,     1,    11,    20,   -41
  1681,     1,    11,    20,   -40
  1682,     1,    11,    19,   -40
  1683,     1,    12,    19,   -40
  1684,     1,    12,    18,   -40
  1685,     1,    12,    18,   -39
  1686,     1,    12,    17,   -39
  1687,     1,    13,    17,   -39
  1688,     1,    13,    16,   -39
  1689,     1,    13,    16,   -38
  1690,     1,    12,    16,   -38
  1691,     1,    11,    16,   -38
  1692,     1,    11,    15,   -38
  1693,     1,    11,    14,   -38
  1694,     1,    11,    13,   -38
  1695,     1,    11,    12,   -38
  1696,     1,    11,    12,   -39
  1697,     1,    11,    11,   -39
  1698,     1,    11,    10,   -39
  1699,     1,    12,    10,   -39
  1700,     1,    12,    10,   -38
  1701,     1,    12,    11,   -38
  1702,     1,    12,    11,   -37
  1703,     1,    13,    11,   -37
  1704,     1,    13,    12,   -37
  1705,     1,    13,    12,   -36
  1706,     1,    12,    12,   -36
  1707,     1,    11,    12,   -36
  1708,     1,    11,    12,   -35
  1709,     1,    11,    12,   -34
  1710,     1,    12,    12,   -34
  1711,     1,    12,    12,   -33
  1712,     1,    11,    12,   -33
  1713,     1,    11,    12,   -32
  1714,     1,    12,    12,   -32
  1715,     1,    12,    12,   -31
  1716,     1,    12,    13,   -31
  1717,     1,    11,    13,   -31
  1718,     1,    11,    13,   -30
  1719,     1,    11,    13,   -29
  1720,     1,    11,    13,   -28
  1721,     1,    12,    13,   -28
  1722,     1,    12,    12,   -28
  1723,     1,    12,    11,   -28
  1724,     1,    12,    11,   -27
  1725,     1,    11,    11,   -27
  1726,     1,    10,    11,   -27
  1727,     1,    10,    11,   -26
  1728,     1,    10,    11,   -25
  1729,     1,    10,    11,   -24
  1730,     1,    10,    12,   -24
  1731,     1,    10,    13,   -24
  1732,     1,    11,    13,   -24
  1733,     1,    11,    14,   -24
  1734,     1,    11,    14,   -23
  1735,     1,    11,    15,   -23
  1736,     1,    10,    15,   -23
  1737,     1,    10,    16,   -23
  1738,     1,    10,    16,   -24
  1739,     1,     9,    16,   -24
  1740,     1,     8,    16,   -24
  1741,     1,     7,    16,   -24
  1742,     1,     7,    15,   -24
  1743,     1,     7,    15,   -25
  1744,     1,     7,    14,   -25
  1745,     1,     6,    14,   -25
  1746,     1,     6,    13,   -25
  1747,     1,     6,    13,   -24
  1748,     1,     6,    12,   -24
  1749,     1,     6,    12,   -23
  1750,     1,     7,    12,   -23
  1751,     1,     8,    12,   -23
  1752,     1,     8,    12,   -22
  1753,     1,     8,    11,   -22
  1754,     1,     9,    11,   -22
  1755,     1,     9,    11,   -21
  1756,     1,    10,    11,   -21
  1757,     1,    10,    11,   -20
  1758,     1,    10,    10,   -20
  1759,     1,    11,    10,   -20
  1760,     1,    12,    10,   -20
  1761,     1,    12,    10,   -19
  1762,     1,    13,    10,   -19
  1763,     1,    13,    11,   -19
  1764,     1,    13,    11,   -18
  1765,     1,    13,    10,   -18
  1766,     1,    13,     9,   -18
  1767,     1,    13,     8,   -18
  1768,     1,    12,     8,   -18
  1769,     1,    12,     7,   -18
  1770,     1,    11,     7,   -18
  1771,     1,    11,     8,   -18
  1772,     1,    11,     9,   -18
  1773,     1,    10,     9,   -18
  1774,     1,    10,    10,   -18
  1775,     1,     9,    10,   -18
  1776,     1,     9,    11,   -18
  1777,     1,     9,    11,   -17
  1778,     1,     9,    11,   -16
  1779,     1,     9,    10,   -16
  1780,     1,     8,    10,   -16
  1781,     1,     7,    10,   -16
  1782,     1,     7,     9,   -16
  1783,     1,     7,     8,   -16
  1784,     1,     7,     8,   -15
  1785,     1,     7,     7,   -15
  1786,     1,     8,     7,   -15
  1787,     1,     8,     6,   -15
  1788,     1,     8,     6,   -14
  1789,     1,     7,     6,   -14
  1790,     1,     6,     6,   -14
  1791,     1,     6,     6,   -13
  1792,     1,     5,     6,   -13
  1793,     1,     5,     7,   -13
  1794,     1,     5,     7,   -12
  1795,     1,     4,     7,   -12
  1796,     1,     4,     8,   -12
  1797,     1,     4,     9,   -12
  1798,     1,     3,     9,   -12
  1799,     1,     3,     9,   -11
  1800,     5,     3,     8,   -11
  1801,     1,     2,     8,   -11
  1802,     1,     2,     8,   -12
  1803,     1,     1,     8,   -12
  1804,     1,     1,     8,   -13
  1805,     1,     1,     9,   -13
  1806,     1,     0,     9,   -13
  1807,     1,    -1,     9,   -13
  1808,     1,    -1,     9,   -14
  1809,     1,    -1,    10,   -14
  1810,     1,    -2,    10,   -14
  1811,     1,    -2,    10,   -13
  1812,     1,    -2,    11,   -13
  1813,     1,    -3,    11,   -13
  1814,     1,    -3,    11,   -14
  1815,     1,    -4,    11,   -14
  1816,     1,    -4,    12,   -14
  1817,     1,    -4,    12,   -13
  1818,     1,    -4,    13,   -13
  1819,     1,    -4,    13,   -12
  1820,     1,    -5,    13,   -12
  1821,     1,    -5,    13,   -11
  1822,     1,    -5,    14,   -11
  1823,     1,    -5,    14,   -12
  1824,     1,    -6,    14,   -12
  1825,     1,    -6,    14,   -13
  1826,     1,    -7,    14,   -13
  1827,     1,    -8,    14,   -13
  1828,     1,    -8,    14,   -12
  1829,     1,    -8,    14,   -11
  1830,     1,    -8,    13,   -11
  1831,     1,    -9,    13,   -11
  1832,     1,    -9,    13,   -10
  1833,     1,   -10,    13,   -10
  1834,     1,   -10,    13,    -9
  1835,     1,   -10,    14,    -9
  1836,     1,   -10,    15,    -9
  1837,     1,   -10,    15,    -8
  1838,     1,   -11,    15,    -8
  1839,     1,   -12,    15,    -8
  1840,     1,   -12,    15,    -9
  1841,     1,   -12,    16,    -9
  1842,     1,   -11,    16,    -9
  1843,     1,   -11,    17,    -9
  1844,     1,   -11,    18,    -9
  1845,     1,   -10,    18,    -9
  1846,     1,   -10,    18,    -8
  1847,     1,   -10,    18,    -7
  1848,     1,   -10,    19,    -7
  1849,     1,   -10,    20,    -7
  1850,     1,    -9,    20,    -7
  1851,     1,    -8,    20,    -7
  1852,     1,    -8,    20,    -8
  1853,     1,    -8,    20,    -9
  1854,     1,    -8,    20,   -10
  1855,     1,    -9,    20,   -10
  1856,     1,    -9,    21,   -10
  1857,     1,   -10,    21,   -10
  1858,     1,   -10,    21,   -11
  1859,     1,   -11,    21,   -11
  1860,     1,   -11,    22,   -11
  1861,     1,   -11,    22,   -10
  1862,     1,   -11,    23,   -10
  1863,     1,   -11,    23,   -11
  1864,     1,   -10,    23,   -11
  1865,     1,   -10,    24,   -11
  1866,     1,   -10,    25,   -11
  1867,     1,   -10,    25,   -10
  1868,     1,   -10,    26,   -10
  1869,     1,    -9,    26,   -10
  1870,     1,    -9,    27,   -10
  1871,     1,    -8,    27,   -10
  1872,     1,    -7,    27,   -10
  1873,     1,    -7,    28,   -10
  1874,     1,    -7,    28,   -11
  1875,     1,    -7,    29,   -11
  1876,     1,    -7,    29,   -12
  1877,     1,    -6,    29,   -12
  1878,     1,    -6,    28,   -12
  1879,     1,    -5,    28,   -12
  1880,     1,    -5,    28,   -13
  1881,     1,    -4,    28,   -13
  1882,     1,    -4,    28,   -14
  1883,     1,    -4,    27,   -14
  1884,     1,    -4,    26,   -14
  1885,     1,    -4,    26,   -15
  1886,     1,    -5,    26,   -15
  1887,     1,    -5,    25,   -15
  1888,     1,    -6,    25,   -15
  1889,     1,    -7,    25,   -15
  1890,     1,    -7,    25,   -14
  1891,     1,    -7,    25,   -13
  1892,     1,    -6,    25,   -13
  1893,     1,    -6,    25,   -12
  1894,     1,    -7,    25,   -12
  1895,     1,    -7,    24,   -12
  1896,     1,    -8,    24,   -12
  1897,     1,    -9,    24,   -12
  1898,     1,    -9,    24,   -13
  1899,     1,    -9,    24,   -14
  1900,     1,    -9,    25,   -14
  1901,     1,    -9,    26,   -14
  1902,     1,   -10,    26,   -14
  1903,     1,   -10,    27,   -14
  1904,     1,   -10,    28,   -14
  1905,     1,    -9,    28,   -14
  1906,     1,    -9,    28,   -15
  1907,     1,    -9,    27,   -15
  1908,     1,    -8,    27,   -15
  1909,     1,    -8,    27,   -16
  1910,     1,    -7,    27,   -16
  1911,     1,    -7,    27,   -17
  1912,     1,    -7,    28,   -17
  1913,     1,    -8,    28,   -17
  1914,     1,    -8,    29,   -17
  1915,     1,    -7,    29,   -17
  1916,     1,    -6,    29,   -17
  1917,     1,    -6,    29,   -16
  1918,     1,    -6,    28,   -16
  1919,     1,    -5,    28,   -16
  1920,     1,    -4,    28,   -16
  1921,     1,    -4,    27,   -16
  1922,     1,    -3,    27,   -16
  1923,     1,    -3,    27,   -15
  1924,     1,    -2,    27,   -15
  1925,     1,    -2,    27,   -14
  1926,     1,    -2,    28,   -14
  1927,     1,    -1,    28,   -14
  1928,     1,    -1,    29,   -14
  1929,     1,    -1,    29,   -15
  1930,     1,     0,    29,   -15
  1931,     1,     0,    29,   -16
  1932,     1,     0,    30,   -16
  1933,     1,    -1,    30,   -16
  1934,     1,    -1,    31,   -16
  1935,     1,    -1,    31,   -15
  1936,     1,     0,    31,   -15
  1937,     1,     0,    30,   -15
  1938,     1,     0,    30,   -14
  1939,     1,     0,    29,   -14
  1940,     1,     1,    29,   -14
  1941,     1,     2,    29,   -14
  1942,     1,     2,    30,   -14
  1943,     1,     2,    30,   -15
  1944,     1,     2,    29,   -15
  1945,     1,     3,    29,   -15
  1946,     1,     3,    29,   -16
  1947,     1,     3,    28,   -16
  1948,     1,     4,    28,   -16
  1949,     1,     5,    28,   -16
  1950,     1,     5,    27,   -16
  1951,     1,     5,    26,   -16
  1952,     1,     4,    26,   -16
  1953,     1,     4,    25,   -16
  1954,     1,     4,    25,   -15
  1955,     1,     4,    25,   -14
  1956,     1,     3,    25,   -14
  1957,     1,     3,    25,   -13
  1958,     1,     3,    25,   -12
  1959,     1,     3,    26,   -12
  1960,     1,     4,    26,   -12
  1961,     1,     4,    26,   -11
  1962,     1,     5,    26,   -11
  1963,     1,     5,    25,   -11
  1964,     1,     5,    25,   -10
  1965,     1,     5,    25,    -9
  1966,     1,     6,    25,    -9
  1967,     1,     7,    25,    -9
  1968,     1,     7,    26,    -9
  1969,     1,     6,    26,    -9
  1970,     1,     6,    26,    -8
  1971,     1,     5,    26,    -8
  1972,     1,     5,    26,    -7
  1973,     1,     4,    26,    -7
  1974,     1,     4,    25,    -7
  1975,     1,     3,    25,    -7
  1976,     1,     3,    26,    -7
  1977,     1,     2,    26,    -7
  1978,     1,     1,    26,    -7
  1979,     1,     1,    27,    -7
  1980,     1,     1,    28,    -7
  1981,     1,     2,    28,    -7
  1982,     1,     2,    28,    -8
  1983,     1,     2,    29,    -8
  1984,     1,     3,    29,    -8
  1985,     1,     3,    30,    -8
  1986,     1,     3,    30,    -9
  1987,     1,     3,    31,    -9
  1988,     1,     3,    31,   -10
  1989,     1,     3,    32,   -10
  1990,     1,     4,    32,   -10
  1991,     1,     4,    32,    -9
  1992,     1,     3,    32,    -9
  1993,     1,     3,    33,    -9
  1994,     1,     3,    34,    -9
  1995,     1,     3,    35,    -9
  1996,     1,     2,    35,    -9
  1997,     1,     2,    35,    -8
  1998,     1,     2,    34,    -8
  1999,     1,     2,    34,    -7
  2000,     1,     3,    34,    -7
