     1,     1,     2,   -20,   -13
     2,     1,     2,   -20,   -12
     3,     1,     2,   -20,   -11
     4,     1,     2,   -20,   -10
     5,     1,     2,   -21,   -10
     6,     1,     3,   -21,   -10
     7,     1,     4,   -21,   -10
     8,     1,     5,   -21,   -10
     9,     1,     6,   -21,   -10
    10,     1,     7,   -21,   -10
    11,     1,     8,   -21,   -10
    12,     1,     9,   -21,   -10
    13,     1,     9,   -20,   -10
    14,     1,     9,   -19,   -10
    15,     1,     9,   -19,    -9
    16,     1,     9,   -19,    -8
    17,     1,     9,   -19,    -7
    18,     1,     9,   -19,    -6
    19,     1,     9,   -19,    -5
    20,     1,     9,   -18,    -5
    21,     1,     9,   -17,    -5
    22,     1,    10,   -17,    -5
    23,     1,    11,   -17,    -5
    24,     1,    12,   -17,    -5
    25,     1,    13,   -17,    -5
    26,     1,    13,   -16,    -5
    27,     1,    13,   -15,    -5
    28,     1,    14,   -15,    -5
    29,     1,    15,   -15,    -5
    30,     1,    16,   -15,    -5
    31,     1,    16,   -15,    -4
    32,     1,    15,   -15,    -4
    33,     1,    15,   -15,    -3
    34,     1,    15,   -15,    -2
    35,     1,    15,   -15,    -1
    36,     1,    15,   -15,     0
    37,     1,    15,   -14,     0
    38,     1,    15,   -13,     0
    39,     1,    15,   -12,     0
    40,     1,    15,   -11,     0
    41,     1,    15,   -10,     0
    42,     1,    15,    -9,     0
    43,     1,    15,    -8,     0
    44,     1,    16,    -8,     0
    45,     1,    17,    -8,     0
    46,     1,    17,    -8,    -1
    47,     1,    17,    -8,    -2
    48,     1,    17,    -8,    -3
    49,     1,    16,    -8,    -3
    50,     1,    15,    -8,    -3
    51,     1,    14,    -8,    -3
    52,     1,    14,    -8,    -4
    53,     1,    14,    -7,    -4
    54,     1,    14,    -6,    -4
    55,     1,    15,    -6,    -4
    56,     1,    16,    -6,    -4
    57,     1,    17,    -6,    -4
    58,     1,    18,    -6,    -4
    59,     1,    18,    -6,    -3
    60,     1,    18,    -6,    -2
    61,     1,    18,    -6,    -1
    62,     1,    18,    -5,    -1
    63,     1,    18,    -4,    -1
    64,     1,    18,    -3,    -1
    65,     1,    17,    -3,    -1
    66,     1,    16,    -3,    -1
    67,     1,    15,    -3,    -1
    68,     1,    14,    -3,    -1
    69,     1,    13,    -3,    -1
    70,     1,    13,    -2,    -1
    71,     1,    13,    -1,    -1
    72,     1,    13,     0,    -1
    73,     1,    13,     0,    -2
    74,     1,    13,     0,    -3
    75,     1,    12,     0,    -3
    76,     1,    12,     1,    -3
    77,     1,    12,     1,    -2
    78,     1,    12,     2,    -2
    79,     1,    12,     3,    -2
    80,     1,    12,     4,    -2
    81,     1,    12,     5,    -2
    82,     1,    12,     6,    -2
    83,     1,    12,     7,    -2
    84,     1,    12,     7,    -3
    85,     1,    12,     7,    -4
    86,     1,    12,     7,    -5
    87,     1,    12,     7,    -6
    88,     1,    12,     7,    -7
    89,     1,    11,     7,    -7
    90,     1,    10,     7,    -7
    91,     1,     9,     7,    -7
    92,     1,     9,     8,    -7
    93,     1,     9,     9,    -7
    94,     1,     8,     9,    -7
    95,     1,     8,     9,    -6
    96,     1,     8,     9,    -5
    97,     1,     8,     9,    -4
    98,     1,     8,     9,    -3
    99,     1,     8,     8,    -3
   100,     1,     8,     7,    -3
   101,     1,     8,     6,    -3
   102,     1,     8,     5,    -3
   103,     1,     8,     4,    -3
   104,     1,     8,     3,    -3
   105,     1,     8,     2,    -3
   106,     1,     8,     1,    -3
   107,     1,     8,     0,    -3
   108,     1,     8,    -1,    -3
   109,     1,     8,    -2,    -3
   110,     1,     8,    -3,    -3
   111,     1,     8,    -4,    -3
   112,     1,     8,    -5,    -3
   113,     1,     8,    -6,    -3
   114,     1,     8,    -7,    -3
   115,     1,     8,    -7,    -2
   116,     1,     8,    -7,    -1
   117,     1,     8,    -7,     0
   118,     1,     8,    -6,     0
   119,     1,     8,    -5,     0
   120,     1,     9,    -5,     0
   121,     1,     9,    -5,    -1
   122,     1,     8,    -5,    -1
   123,     1,     7,    -5,    -1
   124,     1,     6,    -5,    -1
   125,     1,     5,    -5,    -1
   126,     1,     5,    -4,    -1
   127,     1,     5,    -3,    -1
   128,     1,     5,    -2,    -1
   129,     1,     5,    -2,    -2
   130,     1,     5,    -2,    -3
   131,     1,     5,    -1,    -3
   132,     1,     5,     0,    -3
   133,     1,     5,     1,    -3
   134,     1,     5,     2,    -3
   135,     1,     5,     3,    -3
   136,     1,     5,     4,    -3
   137,     1,     6,     4,    -3
   138,     1,     7,     4,    -3
   139,     1,     7,     4,    -2
   140,     1,     7,     3,    -2
   141,     1,     6,     3,    -2
   142,     1,     6,     4,    -2
   143,     1,     6,     5,    -2
   144,     1,     6,     6,    -2
   145,     1,     6,     7,    -2
   146,     1,     5,     7,    -2
   147,     1,     4,     7,    -2
   148,     1,     4,     8,    -2
   149,     1,     4,     9,    -2
   150,     1,     4,    10,    -2
   151,     1,     4,    11,    -2
   152,     1,     3,    11,    -2
   153,     1,     3,    11,    -3
   154,     1,     3,    11,    -4
   155,     1,     3,    11,    -5
   156,     1,     3,    11,    -6
   157,     1,     3,    11,    -7
   158,     1,     3,    11,    -8
   159,     1,     3,    11,    -9
   160,     1,     3,    11,   -10
   161,     1,     3,    11,   -11
   162,     1,     4,    11,   -11
   163,     1,     5,    11,   -11
   164,     1,     6,    11,   -11
   165,     1,     7,    11,   -11
   166,     1,     8,    11,   -11
   167,     1,     8,    10,   -11
   168,     1,     8,     9,   -11
   169,     1,     8,     8,   -11
   170,     1,     7,     8,   -11
   171,     1,     7,     8,   -12
   172,     1,     7,     8,   -13
   173,     1,     7,     8,   -14
   174,     1,     7,     8,   -15
   175,     1,     8,     8,   -15
   176,     1,     9,     8,   -15
   177,     1,     9,     8,   -14
   178,     1,     9,     8,   -13
   179,     1,    10,     8,   -13
   180,     1,    11,     8,   -13
   181,     1,    12,     8,   -13
   182,     1,    13,     8,   -13
   183,     1,    13,     8,   -12
   184,     1,    13,     8,   -11
   185,     1,    13,     8,   -10
   186,     1,    12,     8,   -10
   187,     1,    11,     8,   -10
   188,     1,    10,     8,   -10
   189,     1,     9,     8,   -10
   190,     1,     8,     8,   -10
   191,     1,     8,     7,   -10
   192,     1,     8,     6,   -10
   193,     1,     8,     5,   -10
   194,     1,     8,     4,   -10
   195,     1,     8,     3,   -10
   196,     1,     8,     2,   -10
   197,     1,     7,     2,   -10
   198,     1,     6,     2,   -10
   199,     1,     5,     2,   -10
   200,     1,     4,     2,   -10
   201,     4,     4,     3,   -10
   202,     1,     4,     4,   -10
   203,     1,     5,     4,   -10
   204,     1,     5,     4,    -9
   205,     1,     5,     4,    -8
   206,     1,     5,     4,    -7
   207,     1,     5,     4,    -6
   208,     1,     5,     4,    -5
   209,     1,     5,     5,    -5
   210,     1,     4,     5,    -5
   211,     1,     4,     5,    -6
   212,     1,     4,     5,    -7
   213,     1,     4,     4,    -7
   214,     1,     4,     3,    -7
   215,     1,     4,     2,    -7
   216,     1,     4,     1,    -7
   217,     1,     4,     0,    -7
   218,     1,     4,     0,    -6
   219,     1,     3,     0,    -6
   220,     1,     2,     0,    -6
   221,     1,     1,     0,    -6
   222,     1,     0,     0,    -6
   223,     1,    -1,     0,    -6
   224,     1,    -1,     0,    -7
   225,     1,    -1,     1,    -7
   226,     1,    -1,     1,    -8
   227,     1,    -1,     1,    -9
   228,     1,    -1,     1,   -10
   229,     1,    -1,     1,   -11
   230,     1,    -1,     2,   -11
   231,     1,    -1,     3,   -11
   232,     1,    -1,     4,   -11
   233,     1,    -1,     5,   -11
   234,     1,    -1,     6,   -11
   235,     1,    -1,     7,   -11
   236,     1,    -1,     8,   -11
   237,     1,    -1,     9,   -11
   238,     1,    -1,    10,   -11
   239,     1,    -1,    11,   -11
   240,     1,    -2,    11,   -11
   241,     1,    -3,    11,   -11
   242,     1,    -3,    11,   -10
   243,     1,    -3,    11,    -9
   244,     1,    -3,    11,    -8
   245,     1,    -3,    11,    -7
   246,     1,    -3,    11,    -6
   247,     1,    -3,    12,    -6
   248,     1,    -3,    13,    -6
   249,     1,    -3,    14,    -6
   250,     1,    -3,    15,    -6
   251,     1,    -3,    15,    -7
   252,     1,    -3,    15,    -8
   253,     1,    -3,    15,    -9
   254,     1,    -3,    15,   -10
   255,     1,    -3,    15,   -11
   256,     1,    -3,    15,   -12
   257,     1,    -2,    15,   -12
   258,     1,    -2,    16,   -12
   259,     1,    -2,    17,   -12
   260,     1,    -2,    18,   -12
   261,     1,    -3,    18,   -12
   262,     1,    -4,    18,   -12
   263,     1,    -4,    18,   -11
   264,     1,    -4,    18,   -10
   265,     1,    -4,    18,    -9
   266,     1,    -3,    18,    -9
   267,     1,    -2,    18,    -9
   268,     1,    -1,    18,    -9
   269,     1,     0,    18,    -9
   270,     1,     0,    18,    -8
   271,     1,     0,    18,    -7
   272,     1,     0,    18,    -6
   273,     1,     0,    17,    -6
   274,     1,     0,    16,    -6
   275,     1,     1,    16,    -6
   276,     1,     1,    16,    -7
   277,     1,     1,    16,    -8
   278,     1,     1,    16,    -9
   279,     1,     1,    15,    -9
   280,     1,     1,    14,    -9
   281,     1,     1,    13,    -9
   282,     1,     1,    12,    -9
   283,     1,     1,    12,   -10
   284,     1,     1,    12,   -11
   285,     1,     1,    13,   -11
   286,     1,     1,    14,   -11
   287,     1,     1,    15,   -11
   288,     1,     1,    16,   -11
   289,     1,     1,    17,   -11
   290,     1,     1,    18,   -11
   291,     1,     1,    19,   -11
   292,     1,     1,    20,   -11
   293,     1,     1,    21,   -11
   294,     1,     1,    22,   -11
   295,     1,     1,    23,   -11
   296,     1,     1,    24,   -11
   297,     1,     1,    25,   -11
   298,     1,     1,    26,   -11
   299,     1,     1,    26,   -12
   300,     1,     1,    26,   -13
   301,     1,     1,    26,   -14
   302,     1,     1,    26,   -15
   303,     1,     1,    26,   -16
   304,     1,     1,    26,   -17
   305,     1,     1,    27,   -17
   306,     1,     1,    28,   -17
   307,     1,     1,    29,   -17
   308,     1,     1,    30,   -17
   309,     1,     1,    31,   -17
   310,     1,     0,    31,   -17
   311,     1,    -1,    31,   -17
   312,     1,    -2,    31,   -17
   313,     1,    -2,    31,   -18
   314,     1,    -2,    31,   -19
   315,     1,    -2,    31,   -20
   316,     1,    -3,    31,   -20
   317,     1,    -4,    31,   -20
   318,     1,    -4,    31,   -19
   319,     1,    -4,    31,   -18
   320,     1,    -5,    31,   -18
   321,     1,    -5,    31,   -19
   322,     1,    -6,    31,   -19
   323,     1,    -7,    31,   -19
   324,     1,    -8,    31,   -19
   325,     1,    -8,    32,   -19
   326,     1,    -8,    33,   -19
   327,     1,    -8,    34,   -19
   328,     1,    -8,    34,   -18
   329,     1,    -8,    34,   -17
   330,     1,    -8,    34,   -16
   331,     1,    -8,    35,   -16
   332,     1,    -8,    36,   -16
   333,     1,    -8,    37,   -16
   334,     1,    -7,    37,   -16
   335,     1,    -6,    37,   -16
   336,     1,    -5,    37,   -16
   337,     1,    -5,    38,   -16
   338,     1,    -5,    39,   -16
   339,     1,    -5,    39,   -17
   340,     1,    -5,    39,   -18
   341,     1,    -5,    40,   -18
   342,     1,    -4,    40,   -18
   343,     1,    -4,    41,   -18
   344,     1,    -4,    42,   -18
   345,     1,    -4,    42,   -17
   346,     1,    -4,    42,   -16
   347,     1,    -4,    42,   -15
   348,     1,    -4,    42,   -14
   349,     1,    -5,    42,   -14
   350,     1,    -6,    42,   -14
   351,     1,    -7,    42,   -14
   352,     1,    -8,    42,   -14
   353,     1,    -8,    42,   -13
   354,     1,    -8,    42,   -12
   355,     1,    -8,    41,   -12
   356,     1,    -8,    40,   -12
   357,     1,    -8,    39,   -12
   358,     1,    -8,    38,   -12
   359,     1,    -8,    37,   -12
   360,     1,    -8,    36,   -12
   361,     1,    -8,    35,   -12
   362,     1,    -8,    34,   -12
   363,     1,    -8,    33,   -12
   364,     1,    -8,    32,   -12
   365,     1,    -8,    31,   -12
   366,     1,    -8,    30,   -12
   367,     1,    -9,    30,   -12
   368,     1,   -10,    30,   -12
   369,     1,   -10,    31,   -12
   370,     1,   -10,    32,   -12
   371,     1,   -10,    32,   -11
   372,     1,   -10,    32,   -10
   373,     1,   -10,    32,    -9
   374,     1,   -10,    32,    -8
   375,     1,   -10,    32,    -7
   376,     1,   -10,    31,    -7
   377,     1,   -10,    30,    -7
   378,     1,   -10,    30,    -6
   379,     1,   -11,    30,    -6
   380,     1,   -12,    30,    -6
   381,     1,   -13,    30,    -6
   382,     1,   -14,    30,    -6
   383,     1,   -15,    30,    -6
   384,     1,   -16,    30,    -6
   385,     1,   -17,    30,    -6
   386,     1,   -18,    30,    -6
   387,     1,   -19,    30,    -6
   388,     1,   -20,    30,    -6
   389,     1,   -21,    30,    -6
   390,     1,   -21,    31,    -6
   391,     1,   -21,    32,    -6
   392,     1,   -21,    32,    -5
   393,     1,   -21,    32,    -4
   394,     1,   -21,    32,    -3
   395,     1,   -21,    32,    -2
   396,     1,   -21,    31,    -2
   397,     1,   -21,    30,    -2
   398,     1,   -21,    29,    -2
   399,     1,   -22,    29,    -2
   400,     1,   -23,    29,    -2
   401,     1,   -23,    29,    -3
   402,     1,   -23,    29,    -4
   403,     1,   -23,    30,    -4
   404,     1,   -23,    31,    -4
   405,     1,   -23,    32,    -4
   406,     1,   -23,    33,    -4
   407,     1,   -23,    34,    -4
   408,     1,   -23,    34,    -3
   409,     1,   -22,    34,    -3
   410,     1,   -21,    34,    -3
   411,     1,   -20,    34,    -3
   412,     1,   -19,    34,    -3
   413,     1,   -19,    34,    -4
   414,     1,   -19,    35,    -4
   415,     1,   -19,    36,    -4
   416,     1,   -19,    37,    -4
   417,     1,   -19,    38,    -4
   418,     1,   -19,    39,    -4
   419,     1,   -19,    40,    -4
   420,     1,   -19,    41,    -4
   421,     1,   -19,    42,    -4
   422,     1,   -18,    42,    -4
   423,     1,   -18,    42,    -5
   424,     1,   -18,    42,    -6
   425,     1,   -18,    43,    -6
   426,     1,   -18,    44,    -6
   427,     1,   -18,    44,    -5
   428,     1,   -18,    44,    -4
   429,     1,   -18,    44,    -3
   430,     1,   -18,    44,    -2
   431,     1,   -18,    44,    -1
   432,     1,   -17,    44,    -1
   433,     1,   -17,    44,     0
   434,     1,   -17,    45,     0
   435,     1,   -16,    45,     0
   436,     1,   -15,    45,     0
   437,     1,   -15,    44,     0
   438,     1,   -15,    43,     0
   439,     1,   -15,    42,     0
   440,     1,   -15,    41,     0
   441,     1,   -15,    41,    -1
   442,     1,   -15,    41,    -2
   443,     1,   -15,    41,    -3
   444,     1,   -15,    40,    -3
   445,     1,   -15,    39,    -3
   446,     1,   -15,    38,    -3
   447,     1,   -16,    38,    -3
   448,     1,   -16,    38,    -2
   449,     1,   -16,    38,    -1
   450,     1,   -16,    38,     0
   451,     1,   -16,    38,     1
   452,     1,   -16,    38,     2
   453,     1,   -16,    38,     3
   454,     1,   -16,    38,     4
   455,     1,   -15,    38,     4
   456,     1,   -14,    38,     4
   457,     1,   -14,    38,     5
   458,     1,   -14,    37,     5
   459,     1,   -14,    36,     5
   460,     1,   -14,    35,     5
   461,     1,   -14,    34,     5
   462,     1,   -14,    33,     5
   463,     1,   -14,    32,     5
   464,     1,   -14,    31,     5
   465,     1,   -14,    30,     5
   466,     1,   -14,    29,     5
   467,     1,   -14,    28,     5
   468,     1,   -14,    27,     5
   469,     1,   -14,    26,     5
   470,     1,   -14,    25,     5
   471,     1,   -14,    24,     5
   472,     1,   -14,    24,     4
   473,     1,   -14,    24,     3
   474,     1,   -14,    24,     2
   475,     1,   -14,    24,     1
   476,     1,   -14,    24,     0
   477,     1,   -14,    24,    -1
   478,     1,   -13,    24,    -1
   479,     1,   -12,    24,    -1
   480,     1,   -12,    24,    -2
   481,     1,   -12,    24,    -3
   482,     1,   -12,    24,    -4
   483,     1,   -12,    24,    -5
   484,     1,   -12,    24,    -6
   485,     1,   -12,    24,    -7
   486,     1,   -12,    24,    -8
   487,     1,   -12,    24,    -9
   488,     1,   -12,    24,   -10
   489,     1,   -12,    25,   -10
   490,     1,   -12,    26,   -10
   491,     1,   -12,    27,   -10
   492,     1,   -12,    27,    -9
   493,     1,   -11,    27,    -9
   494,     1,   -11,    28,    -9
   495,     1,   -11,    29,    -9
   496,     1,   -11,    29,   -10
   497,     1,   -11,    29,   -11
   498,     1,   -11,    29,   -12
   499,     1,   -11,    29,   -13
   500,     1,   -12,    29,   -13
   501,     2,   -13,    29,   -13
   502,     2,   -13,    29,   -14
   503,     2,   -12,    29,   -14
   504,     2,   -12,    28,   -14
   505,     2,   -11,    28,   -14
   506,     2,   -11,    28,   -13
   507,     2,   -11,    27,   -13
   508,     2,   -11,    27,   -14
   509,     2,   -12,    27,   -14
   510,     2,   -12,    26,   -14
   511,     2,   -12,    25,   -14
   512,     2,   -11,    25,   -14
   513,     2,   -11,    25,   -13
   514,     2,   -11,    24,   -13
   515,     2,   -10,    24,   -13
   516,     2,    -9,    24,   -13
   517,     2,    -8,    24,   -13
   518,     2,    -8,    24,   -14
   519,     2,    -8,    24,   -15
   520,     2,    -8,    25,   -15
   521,     2,    -7,    25,   -15
   522,     2,    -7,    25,   -16
   523,     2,    -7,    25,   -17
   524,     2,    -7,    25,   -18
   525,     2,    -8,    25,   -18
   526,     2,    -8,    24,   -18
   527,     2,    -8,    24,   -19
   528,     2,    -8,    24,   -20
   529,     2,    -9,    24,   -20
   530,     2,    -9,    23,   -20
   531,     2,    -9,    22,   -20
   532,     2,    -9,    22,   -21
   533,     2,    -9,    22,   -22
   534,     2,    -8,    22,   -22
   535,     2,    -7,    22,   -22
   536,     2,    -6,    22,   -22
   537,     2,    -6,    22,   -23
   538,     2,    -6,    21,   -23
   539,     2,    -6,    20,   -23
   540,     2,    -7,    20,   -23
   541,     2,    -7,    19,   -23
   542,     2,    -7,    19,   -24
   543,     2,    -8,    19,   -24
   544,     2,    -8,    19,   -25
   545,     2,    -8,    19,   -26
   546,     2,    -9,    19,   -26
   547,     2,    -9,    18,   -26
   548,     2,    -9,    18,   -27
   549,     2,    -9,    18,   -28
   550,     2,    -9,    17,   -28
   551,     2,    -9,    16,   -28
   552,     2,    -9,    16,   -27
   553,     2,   -10,    16,   -27
   554,     2,   -11,    16,   -27
   555,     2,   -11,    15,   -27
   556,     2,   -11,    15,   -28
   557,     2,   -12,    15,   -28
   558,     2,   -12,    15,   -29
   559,     2,   -11,    15,   -29
   560,     2,   -11,    14,   -29
   561,     2,   -11,    13,   -29
   562,     2,   -11,    12,   -29
   563,     2,   -11,    12,   -30
   564,     2,   -11,    12,   -31
   565,     2,   -11,    13,   -31
   566,     2,   -10,    13,   -31
   567,     2,    -9,    13,   -31
   568,     2,    -8,    13,   -31
   569,     2,    -7,    13,   -31
   570,     2,    -6,    13,   -31
   571,     2,    -6,    13,   -30
   572,     2,    -6,    12,   -30
   573,     2,    -6,    12,   -29
   574,     2,    -7,    12,   -29
   575,     2,    -7,    13,   -29
   576,     2,    -7,    13,   -30
   577,     2,    -7,    14,   -30
   578,     2,    -7,    14,   -29
   579,     2,    -8,    14,   -29
   580,     2,    -8,    15,   -29
   581,     2,    -8,    15,   -30
   582,     2,    -7,    15,   -30
   583,     2,    -7,    15,   -31
   584,     2,    -6,    15,   -31
   585,     2,    -5,    15,   -31
   586,     2,    -4,    15,   -31
   587,     2,    -4,    14,   -31
   588,     2,    -4,    13,   -31
   589,     2,    -4,    13,   -32
   590,     2,    -4,    12,   -32
   591,     2,    -3,    12,   -32
   592,     2,    -3,    12,   -31
   593,     2,    -3,    12,   -30
   594,     2,    -3,    13,   -30
   595,     2,    -4,    13,   -30
   596,     2,    -5,    13,   -30
   597,     2,    -5,    13,   -29
   598,     2,    -4,    13,   -29
   599,     2,    -3,    13,   -29
   600,     2,    -3,    13,   -28
   601,     2,    -3,    12,   -28
   602,     2,    -2,    12,   -28
   603,     2,    -2,    12,   -27
   604,     2,    -2,    11,   -27
   605,     2,    -3,    11,   -27
   606,     2,    -3,    11,   -26
   607,     2,    -3,    11,   -25
   608,     2,    -4,    11,   -25
   609,     2,    -4,    10,   -25
   610,     2,    -4,    10,   -24
   611,     2,    -3,    10,   -24
   612,     2,    -3,    10,   -23
   613,     2,    -3,     9,   -23
   614,     2,    -3,     8,   -23
   615,     2,    -3,     8,   -24
   616,     2,    -4,     8,   -24
   617,     2,    -4,     8,   -23
   618,     2,    -4,     9,   -23
   619,     2,    -5,     9,   -23
   620,     2,    -5,     9,   -22
   621,     2,    -5,    10,   -22
   622,     2,    -5,    10,   -21
   623,     2,    -5,     9,   -21
   624,     2,    -6,     9,   -21
   625,     2,    -6,     8,   -21
   626,     2,    -6,     8,   -22
   627,     2,    -6,     7,   -22
   628,     2,    -5,     7,   -22
   629,     2,    -5,     6,   -22
   630,     2,    -4,     6,   -22
   631,     2,    -3,     6,   -22
   632,     2,    -2,     6,   -22
   633,     2,    -2,     6,   -23
   634,     2,    -1,     6,   -23
   635,     2,     0,     6,   -23
   636,     2,     0,     7,   -23
   637,     2,     0,     7,   -22
   638,     2,     0,     7,   -21
   639,     2,     0,     6,   -21
   640,     2,    -1,     6,   -21
   641,     2,    -1,     5,   -21
   642,     2,    -1,     5,   -22
   643,     2,    -1,     4,   -22
   644,     2,    -1,     3,   -22
   645,     2,    -1,     3,   -23
   646,     2,    -1,     3,   -24
   647,     2,    -1,     3,   -25
   648,     2,     0,     3,   -25
   649,     2,     0,     2,   -25
   650,     2,     0,     2,   -24
   651,     2,    -1,     2,   -24
   652,     2,    -2,     2,   -24
   653,     2,    -2,     3,   -24
   654,     2,    -2,     4,   -24
   655,     2,    -2,     5,   -24
   656,     2,    -2,     6,   -24
   657,     2,    -3,     6,   -24
   658,     2,    -3,     5,   -24
   659,     2,    -3,     5,   -25
   660,     2,    -3,     4,   -25
   661,     2,    -3,     3,   -25
   662,     2,    -3,     2,   -25
   663,     2,    -3,     2,   -24
   664,     2,    -4,     2,   -24
   665,     2,    -4,     3,   -24
   666,     2,    -4,     3,   -25
   667,     2,    -5,     3,   -25
   668,     2,    -5,     2,   -25
   669,     2,    -5,     2,   -26
   670,     2,    -5,     1,   -26
   671,     2,    -4,     1,   -26
   672,     2,    -4,     1,   -27
   673,     2,    -4,     0,   -27
   674,     2,    -4,    -1,   -27
   675,     2,    -4,    -2,   -27
   676,     2,    -4,    -3,   -27
   677,     2,    -5,    -3,   -27
   678,     2,    -5,    -4,   -27
   679,     2,    -5,    -4,   -28
   680,     2,    -6,    -4,   -28
   681,     2,    -6,    -5,   -28
   682,     2,    -5,    -5,   -28
   683,     2,    -5,    -5,   -29
   684,     2,    -5,    -6,   -29
   685,     2,    -4,    -6,   -29
   686,     2,    -4,    -6,   -28
   687,     2,    -4,    -7,   -28
   688,     2,    -4,    -8,   -28
   689,     2,    -4,    -9,   -28
   690,     2,    -4,    -9,   -29
   691,     2,    -5,    -9,   -29
   692,     2,    -5,   -10,   -29
   693,     2,    -5,   -11,   -29
   694,     2,    -4,   -11,   -29
   695,     2,    -4,   -10,   -29
   696,     2,    -4,   -10,   -28
   697,     2,    -3,   -10,   -28
   698,     2,    -3,    -9,   -28
   699,     2,    -3,    -9,   -27
   700,     2,    -3,    -8,   -27
   701,     1,    -3,    -8,   -26
   702,     1,    -3,    -8,   -25
   703,     1,    -4,    -8,   -25
   704,     1,    -5,    -8,   -25
   705,     1,    -6,    -8,   -25
   706,     1,    -7,    -8,   -25
   707,     1,    -7,    -8,   -26
   708,     1,    -7,    -8,   -27
   709,     1,    -7,    -8,   -28
   710,     1,    -7,    -7,   -28
   711,     1,    -7,    -6,   -28
   712,     1,    -8,    -6,   -28
   713,     1,    -8,    -6,   -29
   714,     1,    -8,    -6,   -30
   715,     1,    -8,    -6,   -31
   716,     1,    -8,    -6,   -32
   717,     1,    -9,    -6,   -32
   718,     1,   -10,    -6,   -32
   719,     1,   -11,    -6,   -32
   720,     1,   -11,    -7,   -32
   721,     1,   -11,    -8,   -32
   722,     1,   -11,    -8,   -31
   723,     1,   -11,    -8,   -30
   724,     1,   -11,    -8,   -29
   725,     1,   -11,    -8,   -28
   726,     1,   -11,    -8,   -27
   727,     1,   -11,    -8,   -26
   728,     1,   -11,    -8,   -25
   729,     1,   -11,    -9,   -25
   730,     1,   -10,    -9,   -25
   731,     1,    -9,    -9,   -25
   732,     1,    -8,    -9,   -25
   733,     1,    -8,    -9,   -24
   734,     1,    -8,    -9,   -23
   735,     1,    -8,    -9,   -22
   736,     1,    -8,    -9,   -21
   737,     1,    -8,    -9,   -20
   738,     1,    -8,    -9,   -19
   739,     1,    -8,    -9,   -18
   740,     1,    -8,    -9,   -17
   741,     1,    -8,    -9,   -16
   742,     1,    -8,    -9,   -15
   743,     1,    -8,    -9,   -14
   744,     1,    -8,    -9,   -13
   745,     1,    -8,    -9,   -12
   746,     1,    -8,    -8,   -12
   747,     1,    -8,    -8,   -13
   748,     1,    -8,    -8,   -14
   749,     1,    -8,    -8,   -15
   750,     1,    -8,    -8,   -16
   751,     1,    -8,    -8,   -17
   752,     1,    -8,    -7,   -17
   753,     1,    -8,    -6,   -17
   754,     1,    -8,    -5,   -17
   755,     1,    -7,    -5,   -17
   756,     1,    -7,    -5,   -16
   757,     1,    -7,    -5,   -15
   758,     1,    -8,    -5,   -15
   759,     1,    -9,    -5,   -15
   760,     1,   -10,    -5,   -15
   761,     1,   -11,    -5,   -15
   762,     1,   -12,    -5,   -15
   763,     1,   -12,    -6,   -15
   764,     1,   -11,    -6,   -15
   765,     1,   -11,    -6,   -16
   766,     1,   -11,    -6,   -17
   767,     1,   -12,    -6,   -17
   768,     1,   -13,    -6,   -17
   769,     1,   -14,    -6,   -17
   770,     1,   -15,    -6,   -17
   771,     1,   -16,    -6,   -17
   772,     1,   -16,    -7,   -17
   773,     1,   -16,    -7,   -18
   774,     1,   -16,    -7,   -19
   775,     1,   -15,    -7,   -19
   776,     1,   -14,    -7,   -19
   777,     1,   -13,    -7,   -19
   778,     1,   -12,    -7,   -19
   779,     1,   -12,    -7,   -20
   780,     1,   -12,    -7,   -21
   781,     1,   -12,    -6,   -21
   782,     1,   -12,    -5,   -21
   783,     1,   -12,    -4,   -21
   784,     1,   -12,    -3,   -21
   785,     1,   -12,    -2,   -21
   786,     1,   -12,    -1,   -21
   787,     1,   -12,    -1,   -20
   788,     1,   -12,    -1,   -19
   789,     1,   -12,    -1,   -18
   790,     1,   -13,    -1,   -18
   791,     1,   -14,    -1,   -18
   792,     1,   -15,    -1,   -18
   793,     1,   -16,    -1,   -18
   794,     1,   -17,    -1,   -18
   795,     1,   -17,     0,   -18
   796,     1,   -17,     0,   -19
   797,     1,   -17,     0,   -20
   798,     1,   -17,     0,   -21
   799,     1,   -17,     0,   -22
   800,     1,   -17,     0,   -23
   801,     3,   -18,     0,   -23
   802,     3,   -18,     1,   -23
   803,     3,   -19,     1,   -23
   804,     3,   -19,     1,   -22
   805,     3,   -19,     2,   -22
   806,     3,   -18,     2,   -22
   807,     3,   -18,     2,   -21
   808,     3,   -18,     1,   -21
   809,     3,   -18,     1,   -20
   810,     3,   -18,     1,   -19
   811,     3,   -17,     1,   -19
   812,     3,   -17,     1,   -18
   813,     3,   -17,     2,   -18
   814,     3,   -16,     2,   -18
   815,     3,   -15,     2,   -18
   816,     3,   -14,     2,   -18
   817,     3,   -14,     2,   -17
   818,     3,   -14,     3,   -17
   819,     3,   -14,     4,   -17
   820,     3,   -15,     4,   -17
   821,     3,   -15,     4,   -16
   822,     3,   -15,     4,   -15
   823,     3,   -16,     4,   -15
   824,     3,   -16,     4,   -16
   825,     3,   -17,     4,   -16
   826,     3,   -17,     5,   -16
   827,     3,   -17,     6,   -16
   828,     3,   -18,     6,   -16
   829,     3,   -18,     6,   -15
   830,     3,   -18,     6,   -14
   831,     3,   -19,     6,   -14
   832,     3,   -19,     5,   -14
   833,     3,   -20,     5,   -14
   834,     3,   -20,     5,   -15
   835,     3,   -20,     5,   -16
   836,     3,   -20,     5,   -17
   837,     3,   -21,     5,   -17
   838,     3,   -22,     5,   -17
   839,     3,   -23,     5,   -17
   840,     3,   -24,     5,   -17
   841,     3,   -24,     4,   -17
   842,     3,   -24,     4,   -16
   843,     3,   -23,     4,   -16
   844,     3,   -23,     3,   -16
   845,     3,   -22,     3,   -16
   846,     3,   -21,     3,   -16
   847,     3,   -20,     3,   -16
   848,     3,   -20,     2,   -16
   849,     3,   -20,     1,   -16
   850,     3,   -21,     1,   -16
   851,     3,   -21,     1,   -17
   852,     3,   -21,     0,   -17
   853,     3,   -21,     0,   -16
   854,     3,   -21,     0,   -15
   855,     3,   -21,     0,   -14
   856,     3,   -21,     0,   -13
   857,     3,   -22,     0,   -13
   858,     3,   -22,    -1,   -13
   859,     3,   -22,    -1,   -12
   860,     3,   -21,    -1,   -12
   861,     3,   -21,    -2,   -12
   862,     3,   -22,    -2,   -12
   863,     3,   -23,    -2,   -12
   864,     3,   -23,    -1,   -12
   865,     3,   -23,     0,   -12
   866,     3,   -23,     1,   -12
   867,     3,   -22,     1,   -12
   868,     3,   -22,     1,   -11
   869,     3,   -22,     2,   -11
   870,     3,   -21,     2,   -11
   871,     3,   -21,     2,   -10
   872,     3,   -21,     3,   -10
   873,     3,   -21,     3,    -9
   874,     3,   -22,     3,    -9
   875,     3,   -22,     2,    -9
   876,     3,   -22,     2,    -8
   877,     3,   -21,     2,    -8
   878,     3,   -21,     1,    -8
   879,     3,   -21,     0,    -8
   880,     3,   -21,     0,    -7
   881,     3,   -21,     0,    -6
   882,     3,   -21,     0,    -5
   883,     3,   -21,     0,    -4
   884,     3,   -22,     0,    -4
   885,     3,   -22,    -1,    -4
   886,     3,   -23,    -1,    -4
   887,     3,   -23,    -1,    -5
   888,     3,   -23,    -2,    -5
   889,     3,   -24,    -2,    -5
   890,     3,   -25,    -2,    -5
   891,     3,   -25,    -2,    -4
   892,     3,   -25,    -3,    -4
   893,     3,   -24,    -3,    -4
   894,     3,   -24,    -4,    -4
   895,     3,   -24,    -4,    -5
   896,     3,   -24,    -5,    -5
   897,     3,   -24,    -6,    -5
   898,     3,   -24,    -7,    -5
   899,     3,   -24,    -7,    -4
   900,     3,   -24,    -7,    -3
   901,     3,   -24,    -7,    -2
   902,     3,   -24,    -7,    -1
   903,     3,   -23,    -7,    -1
   904,     3,   -22,    -7,    -1
   905,     3,   -21,    -7,    -1
   906,     3,   -21,    -7,     0
   907,     3,   -21,    -6,     0
   908,     3,   -21,    -6,     1
   909,     3,   -22,    -6,     1
   910,     3,   -22,    -7,     1
   911,     3,   -23,    -7,     1
   912,     3,   -24,    -7,     1
   913,     3,   -25,    -7,     1
   914,     3,   -25,    -8,     1
   915,     3,   -25,    -9,     1
   916,     3,   -24,    -9,     1
   917,     3,   -24,    -9,     2
   918,     3,   -24,    -8,     2
   919,     3,   -23,    -8,     2
   920,     3,   -22,    -8,     2
   921,     3,   -22,    -7,     2
   922,     3,   -22,    -6,     2
   923,     3,   -22,    -5,     2
   924,     3,   -22,    -4,     2
   925,     3,   -22,    -3,     2
   926,     3,   -23,    -3,     2
   927,     3,   -24,    -3,     2
   928,     3,   -24,    -2,     2
   929,     3,   -25,    -2,     2
   930,     3,   -25,    -2,     3
   931,     3,   -25,    -2,     4
   932,     3,   -25,    -2,     5
   933,     3,   -25,    -2,     6
   934,     3,   -25,    -2,     7
   935,     3,   -25,    -2,     8
   936,     3,   -25,    -2,     9
   937,     3,   -25,    -2,    10
   938,     3,   -25,    -3,    10
   939,     3,   -24,    -3,    10
   940,     3,   -23,    -3,    10
   941,     3,   -23,    -2,    10
   942,     3,   -23,    -2,     9
   943,     3,   -23,    -2,     8
   944,     3,   -23,    -2,     7
   945,     3,   -22,    -2,     7
   946,     3,   -22,    -1,     7
   947,     3,   -21,    -1,     7
   948,     3,   -21,    -1,     8
   949,     3,   -20,    -1,     8
   950,     3,   -20,    -2,     8
   951,     3,   -20,    -3,     8
   952,     3,   -20,    -3,     9
   953,     3,   -19,    -3,     9
   954,     3,   -19,    -4,     9
   955,     3,   -19,    -4,     8
   956,     3,   -19,    -4,     7
   957,     3,   -18,    -4,     7
   958,     3,   -17,    -4,     7
   959,     3,   -17,    -5,     7
   960,     3,   -17,    -5,     6
   961,     3,   -17,    -6,     6
   962,     3,   -18,    -6,     6
   963,     3,   -18,    -6,     5
   964,     3,   -18,    -7,     5
   965,     3,   -18,    -8,     5
   966,     3,   -18,    -9,     5
   967,     3,   -17,    -9,     5
   968,     3,   -16,    -9,     5
   969,     3,   -16,   -10,     5
   970,     3,   -16,   -10,     4
   971,     3,   -15,   -10,     4
   972,     3,   -15,   -11,     4
   973,     3,   -15,   -11,     3
   974,     3,   -15,   -12,     3
   975,     3,   -15,   -13,     3
   976,     3,   -14,   -13,     3
   977,     3,   -13,   -13,     3
   978,     3,   -13,   -14,     3
   979,     3,   -13,   -14,     2
   980,     3,   -12,   -14,     2
   981,     3,   -11,   -14,     2
   982,     3,   -10,   -14,     2
   983,     3,   -10,   -14,     1
   984,     3,   -10,   -14,     0
   985,     3,   -10,   -15,     0
   986,     3,   -10,   -15,     1
   987,     3,    -9,   -15,     1
   988,     3,    -9,   -15,     2
   989,     3,    -9,   -14,     2
   990,     3,    -8,   -14,     2
   991,     3,    -8,   -14,     3
   992,     3,    -8,   -14,     4
   993,     3,    -8,   -15,     4
   994,     3,    -8,   -16,     4
   995,     3,    -8,   -17,     4
   996,     3,    -8,   -17,     5
   997,     3,    -8,   -18,     5
   998,     3,    -7,   -18,     5
   999,     3,    -6,   -18,     5
  1000,     3,    -6,   -17,     5
  1001,     1,    -5,   -17,     5
  1002,     1,    -5,   -17,     6
  1003,     1,    -5,   -16,     6
  1004,     1,    -5,   -16,     7
  1005,     1,    -6,   -16,     7
  1006,     1,    -7,   -16,     7
  1007,     1,    -7,   -15,     7
  1008,     1,    -7,   -14,     7
  1009,     1,    -7,   -13,     7
  1010,     1,    -7,   -12,     7
  1011,     1,    -7,   -12,     8
  1012,     1,    -7,   -12,     9
  1013,     1,    -7,   -12,    10
  1014,     1,    -6,   -12,    10
  1015,     1,    -5,   -12,    10
  1016,     1,    -4,   -12,    10
  1017,     1,    -3,   -12,    10
  1018,     1,    -2,   -12,    10
  1019,     1,    -1,   -12,    10
  1020,     1,    -1,   -12,    11
  1021,     1,    -1,   -12,    12
  1022,     1,    -1,   -11,    12
  1023,     1,    -1,   -10,    12
  1024,     1,    -1,   -10,    13
  1025,     1,    -1,   -10,    14
  1026,     1,    -2,   -10,    14
  1027,     1,    -3,   -10,    14
  1028,     1,    -4,   -10,    14
  1029,     1,    -5,   -10,    14
  1030,     1,    -5,   -10,    15
  1031,     1,    -5,   -10,    16
  1032,     1,    -5,   -10,    17
  1033,     1,    -5,   -11,    17
  1034,     1,    -5,   -12,    17
  1035,     1,    -5,   -13,    17
  1036,     1,    -5,   -14,    17
  1037,     1,    -5,   -14,    16
  1038,     1,    -4,   -14,    16
  1039,     1,    -4,   -14,    17
  1040,     1,    -4,   -14,    18
  1041,     1,    -4,   -14,    19
  1042,     1,    -4,   -14,    20
  1043,     1,    -4,   -15,    20
  1044,     1,    -4,   -16,    20
  1045,     1,    -4,   -17,    20
  1046,     1,    -4,   -18,    20
  1047,     1,    -4,   -19,    20
  1048,     1,    -3,   -19,    20
  1049,     1,    -2,   -19,    20
  1050,     1,    -2,   -18,    20
  1051,     1,    -2,   -18,    21
  1052,     1,    -2,   -18,    22
  1053,     1,    -2,   -18,    23
  1054,     1,    -2,   -19,    23
  1055,     1,    -2,   -20,    23
  1056,     1,    -2,   -21,    23
  1057,     1,    -2,   -22,    23
  1058,     1,    -2,   -23,    23
  1059,     1,    -2,   -24,    23
  1060,     1,    -1,   -24,    23
  1061,     1,     0,   -24,    23
  1062,     1,     0,   -23,    23
  1063,     1,     0,   -22,    23
  1064,     1,     1,   -22,    23
  1065,     1,     2,   -22,    23
  1066,     1,     3,   -22,    23
  1067,     1,     4,   -22,    23
  1068,     1,     5,   -22,    23
  1069,     1,     6,   -22,    23
  1070,     1,     7,   -22,    23
  1071,     1,     8,   -22,    23
  1072,     1,     8,   -22,    22
  1073,     1,     8,   -22,    21
  1074,     1,     8,   -22,    20
  1075,     1,     8,   -23,    20
  1076,     1,     8,   -24,    20
  1077,     1,     9,   -24,    20
  1078,     1,    10,   -24,    20
  1079,     1,    11,   -24,    20
  1080,     1,    11,   -24,    19
  1081,     1,    11,   -24,    18
  1082,     1,    11,   -24,    17
  1083,     1,    11,   -24,    16
  1084,     1,    10,   -24,    16
  1085,     1,     9,   -24,    16
  1086,     1,     8,   -24,    16
  1087,     1,     7,   -24,    16
  1088,     1,     6,   -24,    16
  1089,     1,     5,   -24,    16
  1090,     1,     5,   -24,    15
  1091,     1,     5,   -24,    14
  1092,     1,     5,   -24,    13
  1093,     1,     5,   -24,    12
  1094,     1,     5,   -25,    12
  1095,     1,     5,   -26,    12
  1096,     1,     4,   -26,    12
  1097,     1,     3,   -26,    12
  1098,     1,     3,   -26,    11
  1099,     1,     2,   -26,    11
  1100,     1,     1,   -26,    11
  1101,     2,     1,   -27,    11
  1102,     2,     1,   -27,    12
  1103,     2,     1,   -27,    13
  1104,     2,     2,   -27,    13
  1105,     2,     2,   -27,    12
  1106,     2,     2,   -27,    11
  1107,     2,     2,   -28,    11
  1108,     2,     2,   -28,    12
  1109,     2,     2,   -29,    12
  1110,     2,     2,   -29,    11
  1111,     2,     1,   -29,    11
  1112,     2,     1,   -30,    11
  1113,     2,     1,   -31,    11
  1114,     2,     1,   -31,    10
  1115,     2,     0,   -31,    10
  1116,     2,     0,   -32,    10
  1117,     2,     1,   -32,    10
  1118,     2,     1,   -32,    11
  1119,     2,     1,   -33,    11
  1120,     2,     2,   -33,    11
  1121,     2,     2,   -33,    12
  1122,     2,     2,   -33,    13
  1123,     2,     2,   -33,    14
  1124,     2,     2,   -34,    14
  1125,     2,     2,   -35,    14
  1126,     2,     3,   -35,    14
  1127,     2,     4,   -35,    14
  1128,     2,     5,   -35,    14
  1129,     2,     5,   -35,    13
  1130,     2,     6,   -35,    13
  1131,     2,     7,   -35,    13
  1132,     2,     7,   -35,    12
  1133,     2,     7,   -36,    12
  1134,     2,     8,   -36,    12
  1135,     2,     8,   -36,    13
  1136,     2,     8,   -37,    13
  1137,     2,     7,   -37,    13
  1138,     2,     7,   -38,    13
  1139,     2,     7,   -38,    12
  1140,     2,     6,   -38,    12
  1141,     2,     6,   -38,    11
  1142,     2,     5,   -38,    11
  1143,     2,     5,   -39,    11
  1144,     2,     5,   -39,    10
  1145,     2,     5,   -39,     9
  1146,     2,     5,   -39,     8
  1147,     2,     5,   -39,     7
  1148,     2,     5,   -38,     7
  1149,     2,     6,   -38,     7
  1150,     2,     6,   -38,     6
  1151,     2,     6,   -37,     6
  1152,     2,     7,   -37,     6
  1153,     2,     7,   -37,     5
  1154,     2,     7,   -38,     5
  1155,     2,     7,   -38,     4
  1156,     2,     6,   -38,     4
  1157,     2,     6,   -39,     4
  1158,     2,     6,   -39,     3
  1159,     2,     6,   -40,     3
  1160,     2,     6,   -40,     2
  1161,     2,     6,   -39,     2
  1162,     2,     6,   -38,     2
  1163,     2,     6,   -37,     2
  1164,     2,     7,   -37,     2
  1165,     2,     7,   -37,     1
  1166,     2,     7,   -36,     1
  1167,     2,     8,   -36,     1
  1168,     2,     8,   -36,     0
  1169,     2,     8,   -35,     0
  1170,     2,     9,   -35,     0
  1171,     2,     9,   -34,     0
  1172,     2,     9,   -34,     1
  1173,     2,     9,   -33,     1
  1174,     2,     9,   -32,     1
  1175,     2,    10,   -32,     1
  1176,     2,    10,   -32,     0
  1177,     2,    11,   -32,     0
  1178,     2,    11,   -33,     0
  1179,     2,    11,   -33,     1
  1180,     2,    11,   -33,     2
  1181,     2,    11,   -33,     3
  1182,     2,    10,   -33,     3
  1183,     2,    10,   -32,     3
  1184,     2,    10,   -31,     3
  1185,     2,    11,   -31,     3
  1186,     2,    12,   -31,     3
  1187,     2,    13,   -31,     3
  1188,     2,    13,   -30,     3
  1189,     2,    13,   -29,     3
  1190,     2,    13,   -28,     3
  1191,     2,    13,   -28,     4
  1192,     2,    13,   -28,     5
  1193,     2,    13,   -28,     6
  1194,     2,    14,   -28,     6
  1195,     2,    14,   -27,     6
  1196,     2,    14,   -27,     7
  1197,     2,    15,   -27,     7
  1198,     2,    15,   -26,     7
  1199,     2,    15,   -26,     8
  1200,     2,    15,   -26,     9
  1201,     2,    15,   -26,    10
  1202,     2,    15,   -25,    10
  1203,     2,    14,   -25,    10
  1204,     2,    14,   -26,    10
  1205,     2,    14,   -26,     9
  1206,     2,    14,   -27,     9
  1207,     2,    15,   -27,     9
  1208,     2,    16,   -27,     9
  1209,     2,    17,   -27,     9
  1210,     2,    18,   -27,     9
  1211,     2,    18,   -27,     8
  1212,     2,    18,   -27,     7
  1213,     2,    18,   -26,     7
  1214,     2,    18,   -26,     6
  1215,     2,    18,   -26,     5
  1216,     2,    18,   -26,     4
  1217,     2,    18,   -26,     3
  1218,     2,    18,   -26,     2
  1219,     2,    18,   -26,     1
  1220,     2,    18,   -26,     0
  1221,     2,    18,   -25,     0
  1222,     2,    19,   -25,     0
  1223,     2,    19,   -25,    -1
  1224,     2,    19,   -26,    -1
  1225,     2,    20,   -26,    -1
  1226,     2,    21,   -26,    -1
  1227,     2,    22,   -26,    -1
  1228,     2,    22,   -27,    -1
  1229,     2,    22,   -27,     0
  1230,     2,    22,   -28,     0
  1231,     2,    21,   -28,     0
  1232,     2,    21,   -29,     0
  1233,     2,    21,   -29,    -1
  1234,     2,    21,   -28,    -1
  1235,     2,    21,   -28,    -2
  1236,     2,    21,   -28,    -3
  1237,     2,    21,   -27,    -3
  1238,     2,    22,   -27,    -3
  1239,     2,    23,   -27,    -3
  1240,     2,    23,   -26,    -3
  1241,     2,    23,   -26,    -2
  1242,     2,    23,   -25,    -2
  1243,     2,    22,   -25,    -2
  1244,     2,    21,   -25,    -2
  1245,     2,    21,   -25,    -1
  1246,     2,    21,   -24,    -1
  1247,     2,    21,   -24,    -2
  1248,     2,    22,   -24,    -2
  1249,     2,    22,   -23,    -2
  1250,     2,    22,   -23,    -1
  1251,     2,    23,   -23,    -1
  1252,     2,    24,   -23,    -1
  1253,     2,    24,   -22,    -1
  1254,     2,    24,   -22,     0
  1255,     2,    25,   -22,     0
  1256,     2,    25,   -22,    -1
  1257,     2,    25,   -22,    -2
  1258,     2,    25,   -21,    -2
  1259,     2,    26,   -21,    -2
  1260,     2,    27,   -21,    -2
  1261,     2,    27,   -22,    -2
  1262,     2,    28,   -22,    -2
  1263,     2,    29,   -22,    -2
  1264,     2,    29,   -22,    -1
  1265,     2,    29,   -23,    -1
  1266,     2,    28,   -23,    -1
  1267,     2,    28,   -23,     0
  1268,     2,    27,   -23,     0
  1269,     2,    26,   -23,     0
  1270,     2,    26,   -24,     0
  1271,     2,    27,   -24,     0
  1272,     2,    27,   -24,     1
  1273,     2,    28,   -24,     1
  1274,     2,    28,   -23,     1
  1275,     2,    29,   -23,     1
  1276,     2,    29,   -22,     1
  1277,     2,    29,   -21,     1
  1278,     2,    30,   -21,     1
  1279,     2,    30,   -21,     0
  1280,     2,    30,   -22,     0
  1281,     2,    31,   -22,     0
  1282,     2,    32,   -22,     0
  1283,     2,    32,   -21,     0
  1284,     2,    32,   -21,     1
  1285,     2,    32,   -21,     2
  1286,     2,    33,   -21,     2
  1287,     2,    33,   -20,     2
  1288,     2,    33,   -19,     2
  1289,     2,    33,   -18,     2
  1290,     2,    33,   -18,     1
  1291,     2,    33,   -19,     1
  1292,     2,    33,   -19,     0
  1293,     2,    33,   -20,     0
  1294,     2,    34,   -20,     0
  1295,     2,    35,   -20,     0
  1296,     2,    35,   -20,    -1
  1297,     2,    35,   -20,    -2
  1298,     2,    34,   -20,    -2
  1299,     2,    34,   -20,    -3
  1300,     2,    34,   -20,    -4
  1301,     1,    35,   -20,    -4
  1302,     1,    35,   -19,    -4
  1303,     1,    35,   -19,    -3
  1304,     1,    35,   -18,    -3
  1305,     1,    35,   -17,    -3
  1306,     1,    35,   -16,    -3
  1307,     1,    35,   -15,    -3
  1308,     1,    36,   -15,    -3
  1309,     1,    37,   -15,    -3
  1310,     1,    38,   -15,    -3
  1311,     1,    39,   -15,    -3
  1312,     1,    39,   -14,    -3
  1313,     1,    39,   -13,    -3
  1314,     1,    39,   -13,    -2
  1315,     1,    39,   -13,    -1
  1316,     1,    38,   -13,    -1
  1317,     1,    37,   -13,    -1
  1318,     1,    36,   -13,    -1
  1319,     1,    36,   -13,    -2
  1320,     1,    36,   -13,    -3
  1321,     1,    36,   -13,    -4
  1322,     1,    36,   -13,    -5
  1323,     1,    36,   -13,    -6
  1324,     1,    36,   -13,    -7
  1325,     1,    36,   -13,    -8
  1326,     1,    36,   -13,    -9
  1327,     1,    36,   -13,   -10
  1328,     1,    36,   -13,   -11
  1329,     1,    36,   -13,   -12
  1330,     1,    36,   -13,   -13
  1331,     1,    36,   -13,   -14
  1332,     1,    36,   -13,   -15
  1333,     1,    36,   -13,   -16
  1334,     1,    35,   -13,   -16
  1335,     1,    34,   -13,   -16
  1336,     1,    34,   -12,   -16
  1337,     1,    34,   -11,   -16
  1338,     1,    34,   -11,   -15
  1339,     1,    34,   -11,   -14
  1340,     1,    34,   -12,   -14
  1341,     1,    34,   -13,   -14
  1342,     1,    34,   -14,   -14
  1343,     1,    33,   -14,   -14
  1344,     1,    33,   -14,   -15
  1345,     1,    33,   -14,   -16
  1346,     1,    33,   -15,   -16
  1347,     1,    33,   -16,   -16
  1348,     1,    33,   -17,   -16
  1349,     1,    33,   -18,   -16
  1350,     1,    33,   -18,   -15
  1351,     1,    33,   -18,   -14
  1352,     1,    33,   -18,   -13
  1353,     1,    33,   -18,   -12
  1354,     1,    33,   -18,   -11
  1355,     1,    33,   -18,   -10
  1356,     1,    33,   -18,    -9
  1357,     1,    33,   -18,    -8
  1358,     1,    33,   -18,    -7
  1359,     1,    33,   -18,    -6
  1360,     1,    33,   -17,    -6
  1361,     1,    33,   -16,    -6
  1362,     1,    32,   -16,    -6
  1363,     1,    31,   -16,    -6
  1364,     1,    30,   -16,    -6
  1365,     1,    29,   -16,    -6
  1366,     1,    28,   -16,    -6
  1367,     1,    27,   -16,    -6
  1368,     1,    26,   -16,    -6
  1369,     1,    25,   -16,    -6
  1370,     1,    24,   -16,    -6
  1371,     1,    24,   -16,    -5
  1372,     1,    24,   -16,    -4
  1373,     1,    24,   -15,    -4
  1374,     1,    24,   -14,    -4
  1375,     1,    24,   -13,    -4
  1376,     1,    24,   -13,    -5
  1377,     1,    24,   -13,    -6
  1378,     1,    24,   -13,    -7
  1379,     1,    24,   -13,    -8
  1380,     1,    24,   -12,    -8
  1381,     1,    24,   -11,    -8
  1382,     1,    23,   -11,    -8
  1383,     1,    23,   -11,    -7
  1384,     1,    23,   -11,    -6
  1385,     1,    23,   -10,    -6
  1386,     1,    23,    -9,    -6
  1387,     1,    23,    -8,    -6
  1388,     1,    22,    -8,    -6
  1389,     1,    21,    -8,    -6
  1390,     1,    21,    -8,    -5
  1391,     1,    21,    -8,    -4
  1392,     1,    20,    -8,    -4
  1393,     1,    19,    -8,    -4
  1394,     1,    19,    -8,    -5
  1395,     1,    19,    -8,    -6
  1396,     1,    19,    -8,    -7
  1397,     1,    19,    -8,    -8
  1398,     1,    19,    -7,    -8
  1399,     1,    19,    -7,    -9
  1400,     1,    19,    -7,   -10
  1401,     3,    19,    -7,   -11
  1402,     3,    19,    -7,   -12
  1403,     3,    19,    -7,   -13
  1404,     3,    20,    -7,   -13
  1405,     3,    20,    -6,   -13
  1406,     3,    21,    -6,   -13
  1407,     3,    21,    -6,   -12
  1408,     3,    21,    -6,   -11
  1409,     3,    21,    -6,   -10
  1410,     3,    20,    -6,   -10
  1411,     3,    19,    -6,   -10
  1412,     3,    18,    -6,   -10
  1413,     3,    18,    -6,    -9
  1414,     3,    17,    -6,    -9
  1415,     3,    17,    -7,    -9
  1416,     3,    17,    -8,    -9
  1417,     3,    17,    -8,   -10
  1418,     3,    17,    -9,   -10
  1419,     3,    16,    -9,   -10
  1420,     3,    16,    -9,   -11
  1421,     3,    16,   -10,   -11
  1422,     3,    16,   -10,   -12
  1423,     3,    17,   -10,   -12
  1424,     3,    17,    -9,   -12
  1425,     3,    18,    -9,   -12
  1426,     3,    18,    -8,   -12
  1427,     3,    17,    -8,   -12
  1428,     3,    17,    -8,   -11
  1429,     3,    16,    -8,   -11
  1430,     3,    15,    -8,   -11
  1431,     3,    15,    -7,   -11
  1432,     3,    15,    -7,   -10
  1433,     3,    15,    -6,   -10
  1434,     3,    16,    -6,   -10
  1435,     3,    16,    -6,    -9
  1436,     3,    16,    -6,    -8
  1437,     3,    16,    -7,    -8
  1438,     3,    16,    -8,    -8
  1439,     3,    15,    -8,    -8
  1440,     3,    14,    -8,    -8
  1441,     3,    14,    -8,    -9
  1442,     3,    14,    -9,    -9
  1443,     3,    13,    -9,    -9
  1444,     3,    13,    -9,   -10
  1445,     3,    13,    -9,   -11
  1446,     3,    13,    -8,   -11
  1447,     3,    13,    -8,   -12
  1448,     3,    13,    -9,   -12
  1449,     3,    13,   -10,   -12
  1450,     3,    14,   -10,   -12
  1451,     3,    14,   -10,   -13
  1452,     3,    13,   -10,   -13
  1453,     3,    13,   -11,   -13
  1454,     3,    13,   -11,   -12
  1455,     3,    13,   -11,   -11
  1456,     3,    13,   -11,   -10
  1457,     3,    13,   -11,    -9
  1458,     3,    13,   -11,    -8
  1459,     3,    13,   -11,    -7
  1460,     3,    13,   -11,    -6
  1461,     3,    13,   -12,    -6
  1462,     3,    13,   -13,    -6
  1463,     3,    13,   -14,    -6
  1464,     3,    14,   -14,    -6
  1465,     3,    14,   -14,    -7
  1466,     3,    14,   -13,    -7
  1467,     3,    14,   -13,    -8
  1468,     3,    14,   -12,    -8
  1469,     3,    13,   -12,    -8
  1470,     3,    12,   -12,    -8
  1471,     3,    12,   -13,    -8
  1472,     3,    13,   -13,    -8
  1473,     3,    13,   -14,    -8
  1474,     3,    13,   -14,    -9
  1475,     3,    13,   -15,    -9
  1476,     3,    13,   -16,    -9
  1477,     3,    13,   -16,   -10
  1478,     3,    14,   -16,   -10
  1479,     3,    14,   -15,   -10
  1480,     3,    14,   -15,   -11
  1481,     3,    14,   -14,   -11
  1482,     3,    14,   -13,   -11
  1483,     3,    15,   -13,   -11
  1484,     3,    15,   -13,   -10
  1485,     3,    14,   -13,   -10
  1486,     3,    14,   -14,   -10
  1487,     3,    14,   -14,    -9
  1488,     3,    15,   -14,    -9
  1489,     3,    15,   -15,    -9
  1490,     3,    15,   -16,    -9
  1491,     3,    15,   -17,    -9
  1492,     3,    15,   -18,    -9
  1493,     3,    14,   -18,    -9
  1494,     3,    13,   -18,    -9
  1495,     3,    12,   -18,    -9
  1496,     3,    11,   -18,    -9
  1497,     3,    11,   -17,    -9
  1498,     3,    11,   -17,    -8
  1499,     3,    12,   -17,    -8
  1500,     3,    12,   -18,    -8
  1501,     3,    12,   -19,    -8
  1502,     3,    12,   -19,    -7
  1503,     3,    13,   -19,    -7
  1504,     3,    13,   -19,    -6
  1505,     3,    13,   -18,    -6
  1506,     3,    13,   -18,    -5
  1507,     3,    13,   -19,    -5
  1508,     3,    14,   -19,    -5
  1509,     3,    15,   -19,    -5
  1510,     3,    15,   -18,    -5
  1511,     3,    16,   -18,    -5
  1512,     3,    17,   -18,    -5
  1513,     3,    17,   -19,    -5
  1514,     3,    17,   -20,    -5
  1515,     3,    17,   -20,    -4
  1516,     3,    17,   -20,    -3
  1517,     3,    17,   -19,    -3
  1518,     3,    17,   -19,    -2
  1519,     3,    17,   -19,    -1
  1520,     3,    18,   -19,    -1
  1521,     3,    19,   -19,    -1
  1522,     3,    20,   -19,    -1
  1523,     3,    21,   -19,    -1
  1524,     3,    21,   -20,    -1
  1525,     3,    21,   -20,    -2
  1526,     3,    21,   -21,    -2
  1527,     3,    21,   -21,    -1
  1528,     3,    22,   -21,    -1
  1529,     3,    22,   -21,     0
  1530,     3,    22,   -21,     1
  1531,     3,    22,   -22,     1
  1532,     3,    22,   -22,     2
  1533,     3,    22,   -22,     3
  1534,     3,    22,   -21,     3
  1535,     3,    22,   -20,     3
  1536,     3,    22,   -20,     4
  1537,     3,    22,   -20,     5
  1538,     3,    22,   -19,     5
  1539,     3,    23,   -19,     5
  1540,     3,    23,   -18,     5
  1541,     3,    23,   -18,     4
  1542,     3,    22,   -18,     4
  1543,     3,    22,   -17,     4
  1544,     3,    21,   -17,     4
  1545,     3,    21,   -17,     5
  1546,     3,    21,   -16,     5
  1547,     3,    22,   -16,     5
  1548,     3,    22,   -16,     6
  1549,     3,    22,   -16,     7
  1550,     3,    23,   -16,     7
  1551,     3,    23,   -17,     7
  1552,     3,    23,   -18,     7
  1553,     3,    23,   -19,     7
  1554,     3,    22,   -19,     7
  1555,     3,    21,   -19,     7
  1556,     3,    20,   -19,     7
  1557,     3,    20,   -19,     8
  1558,     3,    20,   -20,     8
  1559,     3,    19,   -20,     8
  1560,     3,    19,   -20,     7
  1561,     3,    19,   -20,     6
  1562,     3,    18,   -20,     6
  1563,     3,    18,   -20,     5
  1564,     3,    18,   -21,     5
  1565,     3,    18,   -22,     5
  1566,     3,    17,   -22,     5
  1567,     3,    17,   -21,     5
  1568,     3,    17,   -21,     6
  1569,     3,    16,   -21,     6
  1570,     3,    15,   -21,     6
  1571,     3,    15,   -20,     6
  1572,     3,    14,   -20,     6
  1573,     3,    13,   -20,     6
  1574,     3,    12,   -20,     6
  1575,     3,    11,   -20,     6
  1576,     3,    10,   -20,     6
  1577,     3,    10,   -20,     7
  1578,     3,    10,   -21,     7
  1579,     3,    11,   -21,     7
  1580,     3,    11,   -21,     6
  1581,     3,    11,   -21,     5
  1582,     3,    10,   -21,     5
  1583,     3,    10,   -21,     6
  1584,     3,     9,   -21,     6
  1585,     3,     8,   -21,     6
  1586,     3,     8,   -20,     6
  1587,     3,     8,   -20,     7
  1588,     3,     8,   -19,     7
  1589,     3,     9,   -19,     7
  1590,     3,     9,   -19,     8
  1591,     3,     9,   -19,     9
  1592,     3,    10,   -19,     9
  1593,     3,    11,   -19,     9
  1594,     3,    11,   -18,     9
  1595,     3,    10,   -18,     9
  1596,     3,    10,   -18,    10
  1597,     3,    10,   -18,    11
  1598,     3,    11,   -18,    11
  1599,     3,    12,   -18,    11
  1600,     3,    13,   -18,    11
  1601,     1,    14,   -18,    11
  1602,     1,    15,   -18,    11
  1603,     1,    15,   -18,    12
  1604,     1,    15,   -18,    13
  1605,     1,    16,   -18,    13
  1606,     1,    17,   -18,    13
  1607,     1,    17,   -18,    12
  1608,     1,    17,   -18,    11
  1609,     1,    17,   -18,    10
  1610,     1,    16,   -18,    10
  1611,     1,    16,   -18,     9
  1612,     1,    16,   -18,     8
  1613,     1,    16,   -18,     7
  1614,     1,    16,   -18,     6
  1615,     1,    16,   -18,     5
  1616,     1,    15,   -18,     5
  1617,     1,    14,   -18,     5
  1618,     1,    13,   -18,     5
  1619,     1,    12,   -18,     5
  1620,     1,    11,   -18,     5
  1621,     1,    10,   -18,     5
  1622,     1,    10,   -17,     5
  1623,     1,    10,   -16,     5
  1624,     1,    10,   -16,     4
  1625,     1,     9,   -16,     4
  1626,     1,     8,   -16,     4
  1627,     1,     7,   -16,     4
  1628,     1,     6,   -16,     4
  1629,     1,     5,   -16,     4
  1630,     1,     4,   -16,     4
  1631,     1,     3,   -16,     4
  1632,     1,     3,   -15,     4
  1633,     1,     3,   -14,     4
  1634,     1,     3,   -13,     4
  1635,     1,     3,   -12,     4
  1636,     1,     3,   -12,     3
  1637,     1,     3,   -12,     2
  1638,     1,     2,   -12,     2
  1639,     1,     1,   -12,     2
  1640,     1,     1,   -12,     3
  1641,     1,     1,   -12,     4
  1642,     1,     1,   -12,     5
  1643,     1,     1,   -12,     6
  1644,     1,     1,   -12,     7
  1645,     1,     1,   -12,     8
  1646,     1,     1,   -12,     9
  1647,     1,     1,   -12,    10
  1648,     1,     1,   -13,    10
  1649,     1,     1,   -14,    10
  1650,     1,     1,   -15,    10
  1651,     1,     1,   -16,    10
  1652,     1,     2,   -16,    10
  1653,     1,     3,   -16,    10
  1654,     1,     4,   -16,    10
  1655,     1,     4,   -16,    11
  1656,     1,     4,   -16,    12
  1657,     1,     4,   -15,    12
  1658,     1,     5,   -15,    12
  1659,     1,     5,   -15,    11
  1660,     1,     6,   -15,    11
  1661,     1,     6,   -14,    11
  1662,     1,     6,   -13,    11
  1663,     1,     6,   -12,    11
  1664,     1,     6,   -11,    11
  1665,     1,     6,   -10,    11
  1666,     1,     5,   -10,    11
  1667,     1,     4,   -10,    11
  1668,     1,     3,   -10,    11
  1669,     1,     2,   -10,    11
  1670,     1,     2,   -10,    12
  1671,     1,     2,   -10,    13
  1672,     1,     2,   -10,    14
  1673,     1,     2,   -10,    15
  1674,     1,     2,   -10,    16
  1675,     1,     2,   -10,    17
  1676,     1,     2,   -10,    18
  1677,     1,     2,   -10,    19
  1678,     1,     2,   -10,    20
  1679,     1,     2,    -9,    20
  1680,     1,     2,    -8,    20
  1681,     1,     1,    -8,    20
  1682,     1,     1,    -8,    21
  1683,     1,     1,    -8,    22
  1684,     1,     1,    -7,    22
  1685,     1,     1,    -6,    22
  1686,     1,     2,    -6,    22
  1687,     1,     3,    -6,    22
  1688,     1,     4,    -6,    22
  1689,     1,     5,    -6,    22
  1690,     1,     6,    -6,    22
  1691,     1,     6,    -6,    23
  1692,     1,     6,    -5,    23
  1693,     1,     6,    -4,    23
  1694,     1,     6,    -3,    23
  1695,     1,     6,    -2,    23
  1696,     1,     6,    -2,    22
  1697,     1,     6,    -2,    21
  1698,     1,     6,    -2,    20
  1699,     1,     5,    -2,    20
  1700,     1,     4,    -2,    20
  1701,     1,     3,    -2,    20
  1702,     1,     2,    -2,    20
  1703,     1,     1,    -2,    20
  1704,     1,     0,    -2,    20
  1705,     1,    -1,    -2,    20
  1706,     1,    -2,    -2,    20
  1707,     1,    -2,    -2,    19
  1708,     1,    -2,    -2,    18
  1709,     1,    -2,    -2,    17
  1710,     1,    -2,    -2,    16
  1711,     1,    -2,    -1,    16
  1712,     1,    -2,     0,    16
  1713,     1,    -2,     1,    16
  1714,     1,    -2,     2,    16
  1715,     1,    -2,     2,    15
  1716,     1,    -2,     2,    14
  1717,     1,    -2,     2,    13
  1718,     1,    -2,     2,    12
  1719,     1,    -2,     2,    11
  1720,     1,    -2,     2,    10
  1721,     1,    -2,     2,     9
  1722,     1,    -2,     2,     8
  1723,     1,    -2,     3,     8
  1724,     1,    -2,     4,     8
  1725,     1,    -2,     5,     8
  1726,     1,    -2,     6,     8
  1727,     1,    -2,     6,     7
  1728,     1,    -2,     6,     6
  1729,     1,    -2,     6,     5
  1730,     1,    -3,     6,     5
  1731,     1,    -3,     7,     5
  1732,     1,    -3,     8,     5
  1733,     1,    -3,     9,     5
  1734,     1,    -4,     9,     5
  1735,     1,    -5,     9,     5
  1736,     1,    -5,     9,     4
  1737,     1,    -5,     9,     3
  1738,     1,    -5,     9,     2
  1739,     1,    -5,     9,     1
  1740,     1,    -4,     9,     1
  1741,     1,    -3,     9,     1
  1742,     1,    -2,     9,     1
  1743,     1,    -1,     9,     1
  1744,     1,     0,     9,     1
  1745,     1,     1,     9,     1
  1746,     1,     2,     9,     1
  1747,     1,     2,     8,     1
  1748,     1,     2,     8,     0
  1749,     1,     2,     8,    -1
  1750,     1,     2,     8,    -2
  1751,     1,     2,     8,    -3
  1752,     1,     2,     7,    -3
  1753,     1,     2,     6,    -3
  1754,     1,     2,     5,    -3
  1755,     1,     2,     4,    -3
  1756,     1,     2,     4,    -2
  1757,     1,     1,     4,    -2
  1758,     1,     0,     4,    -2
  1759,     1,    -1,     4,    -2
  1760,     1,    -2,     4,    -2
  1761,     1,    -2,     4,    -3
  1762,     1,    -2,     3,    -3
  1763,     1,    -2,     2,    -3
  1764,     1,    -2,     1,    -3
  1765,     1,    -3,     1,    -3
  1766,     1,    -4,     1,    -3
  1767,     1,    -5,     1,    -3
  1768,     1,    -5,     1,    -2
  1769,     1,    -5,     1,    -1
  1770,     1,    -5,     2,    -1
  1771,     1,    -5,     3,    -1
  1772,     1,    -5,     4,    -1
  1773,     1,    -5,     5,    -1
  1774,     1,    -6,     5,    -1
  1775,     1,    -7,     5,    -1
  1776,     1,    -7,     5,     0
  1777,     1,    -7,     5,     1
  1778,     1,    -7,     5,     2
  1779,     1,    -6,     5,     2
  1780,     1,    -5,     5,     2
  1781,     1,    -4,     5,     2
  1782,     1,    -3,     5,     2
  1783,     1,    -3,     5,     1
  1784,     1,    -3,     5,     0
  1785,     1,    -3,     5,    -1
  1786,     1,    -3,     5,    -2
  1787,     1,    -3,     5,    -3
  1788,     1,    -3,     5,    -4
  1789,     1,    -2,     5,    -4
  1790,     1,    -1,     5,    -4
  1791,     1,    -1,     5,    -5
  1792,     1,    -1,     5,    -6
  1793,     1,    -1,     5,    -7
  1794,     1,    -1,     5,    -8
  1795,     1,    -1,     5,    -9
  1796,     1,    -1,     4,    -9
  1797,     1,     0,     4,    -9
  1798,     1,     1,     4,    -9
  1799,     1,     2,     4,    -9
  1800,     5,     3,     4,    -9
  1801,     1,     3,     4,   -10
  1802,     1,     3,     4,   -11
  1803,     1,     3,     4,   -12
  1804,     1,     3,     4,   -13
  1805,     1,     3,     4,   -14
  1806,     1,     4,     4,   -14
  1807,     1,     4,     3,   -14
  1808,     1,     3,     3,   -14
  1809,     1,     2,     3,   -14
  1810,     1,     2,     3,   -15
  1811,     1,     2,     3,   -16
  1812,     1,     2,     3,   -17
  1813,     1,     2,     3,   -18
  1814,     1,     2,     3,   -19
  1815,     1,     2,     3,   -20
  1816,     1,     2,     3,   -21
  1817,     1,     2,     3,   -22
  1818,     1,     3,     3,   -22
  1819,     1,     3,     2,   -22
  1820,     1,     3,     1,   -22
  1821,     1,     3,     0,   -22
  1822,     1,     3,     0,   -23
  1823,     1,     3,     0,   -24
  1824,     1,     3,     0,   -25
  1825,     1,     3,     0,   -26
  1826,     1,     2,     0,   -26
  1827,     1,     2,     0,   -25
  1828,     1,     1,     0,   -25
  1829,     1,     0,     0,   -25
  1830,     1,    -1,     0,   -25
  1831,     1,    -2,     0,   -25
  1832,     1,    -2,     0,   -24
  1833,     1,    -2,     0,   -23
  1834,     1,    -2,     0,   -22
  1835,     1,    -2,     0,   -21
  1836,     1,    -2,     0,   -20
  1837,     1,    -1,     0,   -20
  1838,     1,    -1,    -1,   -20
  1839,     1,    -1,    -2,   -20
  1840,     1,    -1,    -3,   -20
  1841,     1,    -2,    -3,   -20
  1842,     1,    -3,    -3,   -20
  1843,     1,    -4,    -3,   -20
  1844,     1,    -5,    -3,   -20
  1845,     1,    -6,    -3,   -20
  1846,     1,    -6,    -4,   -20
  1847,     1,    -6,    -5,   -20
  1848,     1,    -6,    -6,   -20
  1849,     1,    -6,    -7,   -20
  1850,     1,    -5,    -7,   -20
  1851,     1,    -4,    -7,   -20
  1852,     1,    -3,    -7,   -20
  1853,     1,    -3,    -7,   -21
  1854,     1,    -3,    -8,   -21
  1855,     1,    -3,    -9,   -21
  1856,     1,    -3,   -10,   -21
  1857,     1,    -3,   -11,   -21
  1858,     1,    -3,   -11,   -22
  1859,     1,    -3,   -11,   -23
  1860,     1,    -3,   -11,   -24
  1861,     1,    -3,   -11,   -25
  1862,     1,    -2,   -11,   -25
  1863,     1,    -1,   -11,   -25
  1864,     1,     0,   -11,   -25
  1865,     1,     1,   -11,   -25
  1866,     1,     2,   -11,   -25
  1867,     1,     3,   -11,   -25
  1868,     1,     4,   -11,   -25
  1869,     1,     4,   -11,   -26
  1870,     1,     4,   -11,   -27
  1871,     1,     4,   -11,   -28
  1872,     1,     4,   -11,   -29
  1873,     1,     4,   -10,   -29
  1874,     1,     4,    -9,   -29
  1875,     1,     4,    -8,   -29
  1876,     1,     4,    -7,   -29
  1877,     1,     3,    -7,   -29
  1878,     1,     2,    -7,   -29
  1879,     1,     1,    -7,   -29
  1880,     1,     0,    -7,   -29
  1881,     1,    -1,    -7,   -29
  1882,     1,    -2,    -7,   -29
  1883,     1,    -2,    -7,   -28
  1884,     1,    -2,    -7,   -27
  1885,     1,    -2,    -7,   -26
  1886,     1,    -1,    -7,   -26
  1887,     1,     0,    -7,   -26
  1888,     1,     1,    -7,   -26
  1889,     1,     2,    -7,   -26
  1890,     1,     3,    -7,   -26
  1891,     1,     4,    -7,   -26
  1892,     1,     5,    -7,   -26
  1893,     1,     6,    -7,   -26
  1894,     1,     7,    -7,   -26
  1895,     1,     7,    -7,   -25
  1896,     1,     7,    -8,   -25
  1897,     1,     7,    -9,   -25
  1898,     1,     7,   -10,   -25
  1899,     1,     7,   -11,   -25
  1900,     1,     7,   -12,   -25
  1901,     1,     7,   -13,   -25
  1902,     1,     8,   -13,   -25
  1903,     1,     9,   -13,   -25
  1904,     1,    10,   -13,   -25
  1905,     1,    11,   -13,   -25
  1906,     1,    11,   -13,   -24
  1907,     1,    11,   -14,   -24
  1908,     1,    11,   -15,   -24
  1909,     1,    10,   -15,   -24
  1910,     1,     9,   -15,   -24
  1911,     1,     9,   -14,   -24
  1912,     1,     9,   -13,   -24
  1913,     1,     9,   -12,   -24
  1914,     1,     9,   -11,   -24
  1915,     1,     9,   -10,   -24
  1916,     1,     9,    -9,   -24
  1917,     1,     9,    -8,   -24
  1918,     1,     9,    -7,   -24
  1919,     1,     8,    -7,   -24
  1920,     1,     7,    -7,   -24
  1921,     1,     6,    -7,   -24
  1922,     1,     5,    -7,   -24
  1923,     1,     4,    -7,   -24
  1924,     1,     4,    -7,   -23
  1925,     1,     4,    -7,   -22
  1926,     1,     4,    -7,   -21
  1927,     1,     4,    -7,   -20
  1928,     1,     4,    -7,   -19
  1929,     1,     4,    -7,   -18
  1930,     1,     4,    -7,   -17
  1931,     1,     4,    -7,   -16
  1932,     1,     4,    -7,   -15
  1933,     1,     5,    -7,   -15
  1934,     1,     6,    -7,   -15
  1935,     1,     7,    -7,   -15
  1936,     1,     8,    -7,   -15
  1937,     1,     9,    -7,   -15
  1938,     1,     9,    -7,   -16
  1939,     1,     9,    -7,   -17
  1940,     1,     9,    -7,   -18
  1941,     1,     8,    -7,   -18
  1942,     1,     8,    -8,   -18
  1943,     1,     8,    -9,   -18
  1944,     1,     8,   -10,   -18
  1945,     1,     8,   -11,   -18
  1946,     1,     8,   -12,   -18
  1947,     1,     8,   -12,   -17
  1948,     1,     8,   -12,   -16
  1949,     1,     8,   -12,   -15
  1950,     1,     8,   -12,   -14
  1951,     1,     9,   -12,   -14
  1952,     1,    10,   -12,   -14
  1953,     1,    10,   -13,   -14
  1954,     1,    10,   -14,   -14
  1955,     1,    10,   -15,   -14
  1956,     1,    10,   -16,   -14
  1957,     1,    10,   -17,   -14
  1958,     1,    10,   -18,   -14
  1959,     1,    10,   -18,   -13
  1960,     1,    10,   -17,   -13
  1961,     1,    11,   -17,   -13
  1962,     1,    11,   -17,   -12
  1963,     1,    10,   -17,   -12
  1964,     1,     9,   -17,   -12
  1965,     1,     9,   -18,   -12
  1966,     1,     9,   -19,   -12
  1967,     1,     9,   -20,   -12
  1968,     1,     9,   -21,   -12
  1969,     1,     9,   -22,   -12
  1970,     1,     9,   -23,   -12
  1971,     1,     9,   -24,   -12
  1972,     1,     9,   -25,   -12
  1973,     1,     9,   -25,   -13
  1974,     1,     9,   -25,   -14
  1975,     1,     9,   -25,   -15
  1976,     1,     9,   -25,   -16
  1977,     1,     9,   -25,   -17
  1978,     1,     9,   -25,   -18
  1979,     1,     9,   -26,   -18
  1980,     1,     9,   -27,   -18
  1981,     1,     8,   -27,   -18
  1982,     1,     7,   -27,   -18
  1983,     1,     6,   -27,   -18
  1984,     1,     5,   -27,   -18
  1985,     1,     4,   -27,   -18
  1986,     1,     3,   -27,   -18
  1987,     1,     2,   -27,   -18
  1988,     1,     2,   -26,   -18
  1989,     1,     2,   -25,   -18
  1990,     1,     2,   -24,   -18
  1991,     1,     2,   -23,   -18
  1992,     1,     2,   -22,   -18
  1993,     1,     2,   -21,   -18
  1994,     1,     2,   -20,   -18
  1995,     1,     2,   -19,   -18
  1996,     1,     2,   -19,   -17
  1997,     1,     2,   -20,   -17
  1998,     1,     2,   -20,   -16
  1999,     1,     2,   -20,   -15
  2000,     1,     2,   -20,   -14
