     1,     1,   -29,   -13,    21
     2,     1,   -29,   -13,    20
     3,     1,   -29,   -13,    19
     4,     1,   -29,   -13,    18
     5,     1,   -29,   -13,    17
     6,     1,   -29,   -14,    17
     7,     1,   -28,   -14,    17
     8,     1,   -27,   -14,    17
     9,     1,   -27,   -15,    17
    10,     1,   -27,   -15,    16
    11,     1,   -26,   -15,    16
    12,     1,   -25,   -15,    16
    13,     1,   -25,   -15,    15
    14,     1,   -25,   -16,    15
    15,     1,   -25,   -17,    15
    16,     1,   -25,   -18,    15
    17,     1,   -25,   -19,    15
    18,     1,   -26,   -19,    15
    19,     1,   -26,   -19,    14
    20,     1,   -26,   -19,    13
    21,     1,   -25,   -19,    13
    22,     1,   -25,   -18,    13
    23,     1,   -25,   -17,    13
    24,     1,   -25,   -16,    13
    25,     1,   -24,   -16,    13
    26,     1,   -23,   -16,    13
    27,     1,   -23,   -15,    13
    28,     1,   -23,   -14,    13
    29,     1,   -24,   -14,    13
    30,     1,   -25,   -14,    13
    31,     1,   -26,   -14,    13
    32,     1,   -27,   -14,    13
    33,     1,   -28,   -14,    13
    34,     1,   -29,   -14,    13
    35,     1,   -30,   -14,    13
    36,     1,   -30,   -14,    14
    37,     1,   -30,   -14,    15
    38,     1,   -30,   -14,    16
    39,     1,   -31,   -14,    16
    40,     1,   -32,   -14,    16
    41,     1,   -32,   -14,    15
    42,     1,   -32,   -14,    14
    43,     1,   -32,   -14,    13
    44,     1,   -32,   -14,    12
    45,     1,   -32,   -13,    12
    46,     1,   -32,   -12,    12
    47,     1,   -32,   -12,    13
    48,     1,   -32,   -11,    13
    49,     1,   -32,   -10,    13
    50,     1,   -33,   -10,    13
    51,     1,   -34,   -10,    13
    52,     1,   -35,   -10,    13
    53,     1,   -35,   -10,    14
    54,     1,   -35,    -9,    14
    55,     1,   -35,    -8,    14
    56,     1,   -35,    -7,    14
    57,     1,   -35,    -6,    14
    58,     1,   -35,    -5,    14
    59,     1,   -35,    -5,    13
    60,     1,   -35,    -5,    12
    61,     1,   -35,    -5,    11
    62,     1,   -35,    -4,    11
    63,     1,   -35,    -3,    11
    64,     1,   -36,    -3,    11
    65,     1,   -37,    -3,    11
    66,     1,   -37,    -2,    11
    67,     1,   -37,    -1,    11
    68,     1,   -37,     0,    11
    69,     1,   -38,     0,    11
    70,     1,   -39,     0,    11
    71,     1,   -40,     0,    11
    72,     1,   -40,     0,    10
    73,     1,   -40,    -1,    10
    74,     1,   -40,    -2,    10
    75,     1,   -40,    -2,    11
    76,     1,   -40,    -2,    12
    77,     1,   -39,    -2,    12
    78,     1,   -39,    -1,    12
    79,     1,   -40,    -1,    12
    80,     1,   -41,    -1,    12
    81,     1,   -42,    -1,    12
    82,     1,   -43,    -1,    12
    83,     1,   -43,    -1,    11
    84,     1,   -43,    -1,    10
    85,     1,   -43,    -1,     9
    86,     1,   -43,    -1,     8
    87,     1,   -43,    -1,     7
    88,     1,   -43,    -1,     6
    89,     1,   -43,     0,     6
    90,     1,   -44,     0,     6
    91,     1,   -45,     0,     6
    92,     1,   -45,     0,     5
    93,     1,   -45,     0,     4
    94,     1,   -45,     0,     3
    95,     1,   -45,     0,     2
    96,     1,   -45,     0,     1
    97,     1,   -45,    -1,     1
    98,     1,   -46,    -1,     1
    99,     1,   -47,    -1,     1
   100,     1,   -47,     0,     1
   101,     1,   -47,     1,     1
   102,     1,   -48,     1,     1
   103,     1,   -49,     1,     1
   104,     1,   -49,     0,     1
   105,     1,   -49,    -1,     1
   106,     1,   -49,    -2,     1
   107,     1,   -49,    -3,     1
   108,     1,   -49,    -4,     1
   109,     1,   -49,    -4,     0
   110,     1,   -48,    -4,     0
   111,     1,   -47,    -4,     0
   112,     1,   -47,    -3,     0
   113,     1,   -47,    -2,     0
   114,     1,   -46,    -2,     0
   115,     1,   -45,    -2,     0
   116,     1,   -44,    -2,     0
   117,     1,   -44,    -3,     0
   118,     1,   -44,    -4,     0
   119,     1,   -44,    -5,     0
   120,     1,   -44,    -6,     0
   121,     1,   -44,    -7,     0
   122,     1,   -43,    -7,     0
   123,     1,   -42,    -7,     0
   124,     1,   -41,    -7,     0
   125,     1,   -40,    -7,     0
   126,     1,   -40,    -6,     0
   127,     1,   -40,    -5,     0
   128,     1,   -39,    -5,     0
   129,     1,   -38,    -5,     0
   130,     1,   -37,    -5,     0
   131,     1,   -36,    -5,     0
   132,     1,   -35,    -5,     0
   133,     1,   -35,    -5,     1
   134,     1,   -36,    -5,     1
   135,     1,   -36,    -4,     1
   136,     1,   -36,    -3,     1
   137,     1,   -36,    -2,     1
   138,     1,   -35,    -2,     1
   139,     1,   -34,    -2,     1
   140,     1,   -33,    -2,     1
   141,     1,   -33,    -2,     2
   142,     1,   -33,    -1,     2
   143,     1,   -33,     0,     2
   144,     1,   -33,     1,     2
   145,     1,   -33,     1,     3
   146,     1,   -32,     1,     3
   147,     1,   -31,     1,     3
   148,     1,   -31,     2,     3
   149,     1,   -31,     3,     3
   150,     1,   -32,     3,     3
   151,     1,   -33,     3,     3
   152,     1,   -34,     3,     3
   153,     1,   -34,     4,     3
   154,     1,   -33,     4,     3
   155,     1,   -33,     5,     3
   156,     1,   -33,     6,     3
   157,     1,   -33,     7,     3
   158,     1,   -33,     8,     3
   159,     1,   -32,     8,     3
   160,     1,   -31,     8,     3
   161,     1,   -31,     8,     4
   162,     1,   -31,     8,     5
   163,     1,   -31,     8,     6
   164,     1,   -31,     8,     7
   165,     1,   -31,     8,     8
   166,     1,   -30,     8,     8
   167,     1,   -29,     8,     8
   168,     1,   -28,     8,     8
   169,     1,   -27,     8,     8
   170,     1,   -26,     8,     8
   171,     1,   -25,     8,     8
   172,     1,   -25,     9,     8
   173,     1,   -25,     9,     9
   174,     1,   -26,     9,     9
   175,     1,   -27,     9,     9
   176,     1,   -27,    10,     9
   177,     1,   -27,    10,    10
   178,     1,   -28,    10,    10
   179,     1,   -29,    10,    10
   180,     1,   -30,    10,    10
   181,     1,   -30,     9,    10
   182,     1,   -30,     8,    10
   183,     1,   -30,     7,    10
   184,     1,   -29,     7,    10
   185,     1,   -28,     7,    10
   186,     1,   -27,     7,    10
   187,     1,   -26,     7,    10
   188,     1,   -25,     7,    10
   189,     1,   -24,     7,    10
   190,     1,   -23,     7,    10
   191,     1,   -22,     7,    10
   192,     1,   -22,     6,    10
   193,     1,   -22,     5,    10
   194,     1,   -22,     5,    11
   195,     1,   -21,     5,    11
   196,     1,   -21,     6,    11
   197,     1,   -21,     7,    11
   198,     1,   -21,     8,    11
   199,     1,   -21,     9,    11
   200,     1,   -21,    10,    11
   201,     4,   -21,    10,    12
   202,     1,   -21,    10,    13
   203,     1,   -22,    10,    13
   204,     1,   -22,    11,    13
   205,     1,   -22,    11,    12
   206,     1,   -22,    11,    11
   207,     1,   -21,    11,    11
   208,     1,   -20,    11,    11
   209,     1,   -19,    11,    11
   210,     1,   -18,    11,    11
   211,     1,   -18,    10,    11
   212,     1,   -18,     9,    11
   213,     1,   -18,     8,    11
   214,     1,   -18,     7,    11
   215,     1,   -18,     6,    11
   216,     1,   -18,     5,    11
   217,     1,   -18,     4,    11
   218,     1,   -18,     4,    12
   219,     1,   -18,     4,    13
   220,     1,   -18,     4,    14
   221,     1,   -17,     4,    14
   222,     1,   -17,     3,    14
   223,     1,   -17,     2,    14
   224,     1,   -17,     1,    14
   225,     1,   -17,     1,    15
   226,     1,   -16,     1,    15
   227,     1,   -16,     1,    14
   228,     1,   -16,     1,    13
   229,     1,   -16,     0,    13
   230,     1,   -16,    -1,    13
   231,     1,   -16,    -2,    13
   232,     1,   -16,    -2,    12
   233,     1,   -16,    -2,    11
   234,     1,   -16,    -2,    10
   235,     1,   -16,    -2,     9
   236,     1,   -16,    -1,     9
   237,     1,   -16,    -1,    10
   238,     1,   -16,     0,    10
   239,     1,   -16,     1,    10
   240,     1,   -16,     1,     9
   241,     1,   -16,     1,     8
   242,     1,   -17,     1,     8
   243,     1,   -17,     0,     8
   244,     1,   -17,    -1,     8
   245,     1,   -17,    -1,     9
   246,     1,   -17,    -1,    10
   247,     1,   -17,    -1,    11
   248,     1,   -17,    -2,    11
   249,     1,   -17,    -3,    11
   250,     1,   -17,    -4,    11
   251,     1,   -17,    -5,    11
   252,     1,   -18,    -5,    11
   253,     1,   -19,    -5,    11
   254,     1,   -20,    -5,    11
   255,     1,   -20,    -4,    11
   256,     1,   -19,    -4,    11
   257,     1,   -19,    -3,    11
   258,     1,   -19,    -2,    11
   259,     1,   -19,    -1,    11
   260,     1,   -19,     0,    11
   261,     1,   -20,     0,    11
   262,     1,   -21,     0,    11
   263,     1,   -22,     0,    11
   264,     1,   -23,     0,    11
   265,     1,   -23,     1,    11
   266,     1,   -23,     2,    11
   267,     1,   -23,     2,    10
   268,     1,   -23,     2,     9
   269,     1,   -23,     1,     9
   270,     1,   -23,     0,     9
   271,     1,   -23,    -1,     9
   272,     1,   -23,    -2,     9
   273,     1,   -23,    -3,     9
   274,     1,   -23,    -4,     9
   275,     1,   -23,    -4,    10
   276,     1,   -24,    -4,    10
   277,     1,   -25,    -4,    10
   278,     1,   -26,    -4,    10
   279,     1,   -27,    -4,    10
   280,     1,   -27,    -5,    10
   281,     1,   -27,    -5,     9
   282,     1,   -27,    -6,     9
   283,     1,   -27,    -7,     9
   284,     1,   -27,    -7,     8
   285,     1,   -27,    -7,     7
   286,     1,   -27,    -7,     6
   287,     1,   -27,    -8,     6
   288,     1,   -27,    -9,     6
   289,     1,   -27,   -10,     6
   290,     1,   -27,   -11,     6
   291,     1,   -26,   -11,     6
   292,     1,   -25,   -11,     6
   293,     1,   -24,   -11,     6
   294,     1,   -24,   -11,     5
   295,     1,   -24,   -11,     4
   296,     1,   -24,   -11,     3
   297,     1,   -24,   -12,     3
   298,     1,   -24,   -13,     3
   299,     1,   -24,   -13,     2
   300,     1,   -24,   -13,     1
   301,     1,   -24,   -13,     0
   302,     1,   -23,   -13,     0
   303,     1,   -23,   -13,     1
   304,     1,   -22,   -13,     1
   305,     1,   -21,   -13,     1
   306,     1,   -21,   -12,     1
   307,     1,   -21,   -11,     1
   308,     1,   -22,   -11,     1
   309,     1,   -23,   -11,     1
   310,     1,   -23,   -10,     1
   311,     1,   -23,    -9,     1
   312,     1,   -23,    -9,     0
   313,     1,   -23,    -9,    -1
   314,     1,   -23,    -9,    -2
   315,     1,   -22,    -9,    -2
   316,     1,   -21,    -9,    -2
   317,     1,   -20,    -9,    -2
   318,     1,   -20,    -9,    -1
   319,     1,   -20,    -9,     0
   320,     1,   -19,    -9,     0
   321,     1,   -18,    -9,     0
   322,     1,   -17,    -9,     0
   323,     1,   -16,    -9,     0
   324,     1,   -15,    -9,     0
   325,     1,   -14,    -9,     0
   326,     1,   -13,    -9,     0
   327,     1,   -13,    -9,    -1
   328,     1,   -13,    -9,    -2
   329,     1,   -13,    -9,    -3
   330,     1,   -13,    -9,    -4
   331,     1,   -13,    -9,    -5
   332,     1,   -13,    -9,    -6
   333,     1,   -12,    -9,    -6
   334,     1,   -12,    -8,    -6
   335,     1,   -12,    -8,    -7
   336,     1,   -12,    -8,    -8
   337,     1,   -12,    -8,    -9
   338,     1,   -13,    -8,    -9
   339,     1,   -13,    -7,    -9
   340,     1,   -13,    -6,    -9
   341,     1,   -13,    -6,   -10
   342,     1,   -14,    -6,   -10
   343,     1,   -15,    -6,   -10
   344,     1,   -15,    -5,   -10
   345,     1,   -15,    -4,   -10
   346,     1,   -15,    -3,   -10
   347,     1,   -15,    -3,   -11
   348,     1,   -15,    -3,   -12
   349,     1,   -15,    -3,   -13
   350,     1,   -14,    -3,   -13
   351,     1,   -14,    -3,   -12
   352,     1,   -14,    -4,   -12
   353,     1,   -14,    -5,   -12
   354,     1,   -15,    -5,   -12
   355,     1,   -16,    -5,   -12
   356,     1,   -16,    -4,   -12
   357,     1,   -16,    -3,   -12
   358,     1,   -16,    -2,   -12
   359,     1,   -16,    -1,   -12
   360,     1,   -17,    -1,   -12
   361,     1,   -17,    -1,   -11
   362,     1,   -17,    -1,   -10
   363,     1,   -17,    -2,   -10
   364,     1,   -17,    -3,   -10
   365,     1,   -17,    -4,   -10
   366,     1,   -17,    -5,   -10
   367,     1,   -17,    -5,    -9
   368,     1,   -17,    -5,    -8
   369,     1,   -17,    -4,    -8
   370,     1,   -17,    -3,    -8
   371,     1,   -17,    -2,    -8
   372,     1,   -17,    -2,    -9
   373,     1,   -18,    -2,    -9
   374,     1,   -19,    -2,    -9
   375,     1,   -19,    -2,   -10
   376,     1,   -19,    -2,   -11
   377,     1,   -19,    -3,   -11
   378,     1,   -19,    -3,   -10
   379,     1,   -19,    -3,    -9
   380,     1,   -19,    -4,    -9
   381,     1,   -19,    -5,    -9
   382,     1,   -19,    -5,    -8
   383,     1,   -19,    -5,    -7
   384,     1,   -20,    -5,    -7
   385,     1,   -21,    -5,    -7
   386,     1,   -22,    -5,    -7
   387,     1,   -22,    -5,    -6
   388,     1,   -22,    -5,    -5
   389,     1,   -22,    -5,    -4
   390,     1,   -22,    -5,    -3
   391,     1,   -22,    -6,    -3
   392,     1,   -22,    -7,    -3
   393,     1,   -21,    -7,    -3
   394,     1,   -20,    -7,    -3
   395,     1,   -19,    -7,    -3
   396,     1,   -19,    -7,    -4
   397,     1,   -19,    -6,    -4
   398,     1,   -19,    -5,    -4
   399,     1,   -19,    -4,    -4
   400,     1,   -18,    -4,    -4
   401,     1,   -18,    -4,    -3
   402,     1,   -18,    -4,    -2
   403,     1,   -19,    -4,    -2
   404,     1,   -20,    -4,    -2
   405,     1,   -21,    -4,    -2
   406,     1,   -21,    -4,    -3
   407,     1,   -21,    -3,    -3
   408,     1,   -21,    -2,    -3
   409,     1,   -22,    -2,    -3
   410,     1,   -23,    -2,    -3
   411,     1,   -24,    -2,    -3
   412,     1,   -24,    -2,    -4
   413,     1,   -24,    -2,    -5
   414,     1,   -24,    -2,    -6
   415,     1,   -24,    -2,    -7
   416,     1,   -24,    -2,    -8
   417,     1,   -24,    -2,    -9
   418,     1,   -25,    -2,    -9
   419,     1,   -25,    -1,    -9
   420,     1,   -25,     0,    -9
   421,     1,   -24,     0,    -9
   422,     1,   -23,     0,    -9
   423,     1,   -23,    -1,    -9
   424,     1,   -23,    -1,    -8
   425,     1,   -23,    -1,    -7
   426,     1,   -23,    -1,    -6
   427,     1,   -24,    -1,    -6
   428,     1,   -24,     0,    -6
   429,     1,   -24,     1,    -6
   430,     1,   -24,     1,    -5
   431,     1,   -24,     1,    -4
   432,     1,   -24,     2,    -4
   433,     1,   -24,     2,    -5
   434,     1,   -25,     2,    -5
   435,     1,   -25,     3,    -5
   436,     1,   -25,     3,    -6
   437,     1,   -25,     3,    -7
   438,     1,   -25,     3,    -8
   439,     1,   -25,     3,    -9
   440,     1,   -24,     3,    -9
   441,     1,   -23,     3,    -9
   442,     1,   -22,     3,    -9
   443,     1,   -22,     3,   -10
   444,     1,   -22,     3,   -11
   445,     1,   -23,     3,   -11
   446,     1,   -24,     3,   -11
   447,     1,   -25,     3,   -11
   448,     1,   -26,     3,   -11
   449,     1,   -27,     3,   -11
   450,     1,   -28,     3,   -11
   451,     1,   -28,     2,   -11
   452,     1,   -28,     1,   -11
   453,     1,   -28,     1,   -10
   454,     1,   -28,     1,    -9
   455,     1,   -28,     0,    -9
   456,     1,   -28,    -1,    -9
   457,     1,   -28,    -2,    -9
   458,     1,   -28,    -2,   -10
   459,     1,   -28,    -2,   -11
   460,     1,   -28,    -2,   -12
   461,     1,   -28,    -2,   -13
   462,     1,   -28,    -2,   -14
   463,     1,   -27,    -2,   -14
   464,     1,   -26,    -2,   -14
   465,     1,   -25,    -2,   -14
   466,     1,   -25,    -3,   -14
   467,     1,   -25,    -4,   -14
   468,     1,   -24,    -4,   -14
   469,     1,   -23,    -4,   -14
   470,     1,   -23,    -4,   -13
   471,     1,   -23,    -4,   -12
   472,     1,   -23,    -4,   -11
   473,     1,   -23,    -4,   -10
   474,     1,   -23,    -4,    -9
   475,     1,   -22,    -4,    -9
   476,     1,   -22,    -3,    -9
   477,     1,   -22,    -3,   -10
   478,     1,   -22,    -3,   -11
   479,     1,   -22,    -3,   -12
   480,     1,   -22,    -3,   -13
   481,     1,   -22,    -3,   -14
   482,     1,   -22,    -3,   -15
   483,     1,   -23,    -3,   -15
   484,     1,   -24,    -3,   -15
   485,     1,   -25,    -3,   -15
   486,     1,   -25,    -3,   -16
   487,     1,   -25,    -3,   -17
   488,     1,   -24,    -3,   -17
   489,     1,   -24,    -3,   -16
   490,     1,   -24,    -4,   -16
   491,     1,   -24,    -5,   -16
   492,     1,   -24,    -6,   -16
   493,     1,   -24,    -7,   -16
   494,     1,   -24,    -8,   -16
   495,     1,   -23,    -8,   -16
   496,     1,   -22,    -8,   -16
   497,     1,   -22,    -8,   -15
   498,     1,   -22,    -9,   -15
   499,     1,   -22,   -10,   -15
   500,     1,   -22,   -11,   -15
   501,     2,   -23,   -11,   -15
   502,     2,   -24,   -11,   -15
   503,     2,   -25,   -11,   -15
   504,     2,   -25,   -11,   -14
   505,     2,   -25,   -11,   -13
   506,     2,   -25,   -11,   -12
   507,     2,   -25,   -12,   -12
   508,     2,   -25,   -12,   -13
   509,     2,   -25,   -13,   -13
   510,     2,   -25,   -14,   -13
   511,     2,   -25,   -14,   -14
   512,     2,   -26,   -14,   -14
   513,     2,   -26,   -15,   -14
   514,     2,   -26,   -16,   -14
   515,     2,   -26,   -16,   -13
   516,     2,   -26,   -17,   -13
   517,     2,   -26,   -18,   -13
   518,     2,   -26,   -18,   -14
   519,     2,   -27,   -18,   -14
   520,     2,   -28,   -18,   -14
   521,     2,   -28,   -18,   -15
   522,     2,   -28,   -18,   -16
   523,     2,   -29,   -18,   -16
   524,     2,   -30,   -18,   -16
   525,     2,   -30,   -17,   -16
   526,     2,   -31,   -17,   -16
   527,     2,   -31,   -16,   -16
   528,     2,   -32,   -16,   -16
   529,     2,   -32,   -16,   -15
   530,     2,   -32,   -15,   -15
   531,     2,   -33,   -15,   -15
   532,     2,   -34,   -15,   -15
   533,     2,   -34,   -14,   -15
   534,     2,   -34,   -14,   -14
   535,     2,   -33,   -14,   -14
   536,     2,   -33,   -14,   -13
   537,     2,   -33,   -14,   -12
   538,     2,   -33,   -13,   -12
   539,     2,   -33,   -12,   -12
   540,     2,   -33,   -11,   -12
   541,     2,   -34,   -11,   -12
   542,     2,   -34,   -11,   -13
   543,     2,   -34,   -11,   -14
   544,     2,   -34,   -11,   -15
   545,     2,   -33,   -11,   -15
   546,     2,   -32,   -11,   -15
   547,     2,   -31,   -11,   -15
   548,     2,   -31,   -11,   -16
   549,     2,   -32,   -11,   -16
   550,     2,   -32,   -11,   -17
   551,     2,   -32,   -10,   -17
   552,     2,   -32,   -10,   -18
   553,     2,   -32,   -10,   -19
   554,     2,   -32,   -11,   -19
   555,     2,   -31,   -11,   -19
   556,     2,   -31,   -11,   -18
   557,     2,   -30,   -11,   -18
   558,     2,   -30,   -10,   -18
   559,     2,   -29,   -10,   -18
   560,     2,   -29,   -10,   -19
   561,     2,   -29,   -10,   -20
   562,     2,   -29,   -10,   -21
   563,     2,   -28,   -10,   -21
   564,     2,   -28,   -11,   -21
   565,     2,   -27,   -11,   -21
   566,     2,   -27,   -11,   -20
   567,     2,   -26,   -11,   -20
   568,     2,   -26,   -11,   -21
   569,     2,   -26,   -11,   -22
   570,     2,   -26,   -10,   -22
   571,     2,   -25,   -10,   -22
   572,     2,   -25,   -11,   -22
   573,     2,   -25,   -12,   -22
   574,     2,   -25,   -13,   -22
   575,     2,   -24,   -13,   -22
   576,     2,   -23,   -13,   -22
   577,     2,   -23,   -12,   -22
   578,     2,   -23,   -12,   -23
   579,     2,   -22,   -12,   -23
   580,     2,   -21,   -12,   -23
   581,     2,   -20,   -12,   -23
   582,     2,   -19,   -12,   -23
   583,     2,   -19,   -12,   -22
   584,     2,   -19,   -12,   -21
   585,     2,   -19,   -12,   -20
   586,     2,   -19,   -13,   -20
   587,     2,   -20,   -13,   -20
   588,     2,   -20,   -14,   -20
   589,     2,   -20,   -14,   -21
   590,     2,   -21,   -14,   -21
   591,     2,   -21,   -15,   -21
   592,     2,   -21,   -16,   -21
   593,     2,   -20,   -16,   -21
   594,     2,   -20,   -16,   -20
   595,     2,   -20,   -17,   -20
   596,     2,   -20,   -18,   -20
   597,     2,   -20,   -18,   -19
   598,     2,   -19,   -18,   -19
   599,     2,   -19,   -17,   -19
   600,     2,   -19,   -17,   -18
   601,     2,   -18,   -17,   -18
   602,     2,   -18,   -17,   -19
   603,     2,   -18,   -18,   -19
   604,     2,   -18,   -19,   -19
   605,     2,   -18,   -19,   -20
   606,     2,   -18,   -19,   -21
   607,     2,   -18,   -20,   -21
   608,     2,   -17,   -20,   -21
   609,     2,   -17,   -20,   -20
   610,     2,   -17,   -21,   -20
   611,     2,   -18,   -21,   -20
   612,     2,   -18,   -21,   -19
   613,     2,   -19,   -21,   -19
   614,     2,   -20,   -21,   -19
   615,     2,   -20,   -21,   -20
   616,     2,   -20,   -20,   -20
   617,     2,   -19,   -20,   -20
   618,     2,   -19,   -20,   -21
   619,     2,   -20,   -20,   -21
   620,     2,   -20,   -20,   -22
   621,     2,   -20,   -20,   -23
   622,     2,   -19,   -20,   -23
   623,     2,   -18,   -20,   -23
   624,     2,   -17,   -20,   -23
   625,     2,   -16,   -20,   -23
   626,     2,   -15,   -20,   -23
   627,     2,   -15,   -20,   -24
   628,     2,   -15,   -20,   -25
   629,     2,   -15,   -20,   -26
   630,     2,   -14,   -20,   -26
   631,     2,   -13,   -20,   -26
   632,     2,   -13,   -20,   -27
   633,     2,   -14,   -20,   -27
   634,     2,   -14,   -20,   -28
   635,     2,   -15,   -20,   -28
   636,     2,   -15,   -21,   -28
   637,     2,   -15,   -21,   -29
   638,     2,   -15,   -22,   -29
   639,     2,   -15,   -23,   -29
   640,     2,   -16,   -23,   -29
   641,     2,   -17,   -23,   -29
   642,     2,   -17,   -22,   -29
   643,     2,   -18,   -22,   -29
   644,     2,   -18,   -22,   -28
   645,     2,   -18,   -22,   -27
   646,     2,   -18,   -23,   -27
   647,     2,   -18,   -24,   -27
   648,     2,   -18,   -24,   -26
   649,     2,   -18,   -23,   -26
   650,     2,   -18,   -23,   -25
   651,     2,   -18,   -23,   -24
   652,     2,   -18,   -23,   -23
   653,     2,   -17,   -23,   -23
   654,     2,   -17,   -22,   -23
   655,     2,   -16,   -22,   -23
   656,     2,   -16,   -23,   -23
   657,     2,   -16,   -23,   -22
   658,     2,   -16,   -23,   -21
   659,     2,   -16,   -23,   -20
   660,     2,   -16,   -23,   -19
   661,     2,   -15,   -23,   -19
   662,     2,   -15,   -22,   -19
   663,     2,   -15,   -22,   -18
   664,     2,   -16,   -22,   -18
   665,     2,   -16,   -21,   -18
   666,     2,   -16,   -21,   -17
   667,     2,   -15,   -21,   -17
   668,     2,   -14,   -21,   -17
   669,     2,   -14,   -20,   -17
   670,     2,   -14,   -20,   -16
   671,     2,   -13,   -20,   -16
   672,     2,   -13,   -19,   -16
   673,     2,   -14,   -19,   -16
   674,     2,   -14,   -19,   -17
   675,     2,   -15,   -19,   -17
   676,     2,   -15,   -20,   -17
   677,     2,   -15,   -20,   -18
   678,     2,   -15,   -19,   -18
   679,     2,   -15,   -18,   -18
   680,     2,   -14,   -18,   -18
   681,     2,   -14,   -18,   -19
   682,     2,   -14,   -18,   -20
   683,     2,   -14,   -17,   -20
   684,     2,   -13,   -17,   -20
   685,     2,   -13,   -17,   -21
   686,     2,   -13,   -16,   -21
   687,     2,   -12,   -16,   -21
   688,     2,   -12,   -16,   -22
   689,     2,   -12,   -16,   -23
   690,     2,   -12,   -16,   -24
   691,     2,   -12,   -15,   -24
   692,     2,   -11,   -15,   -24
   693,     2,   -11,   -15,   -25
   694,     2,   -10,   -15,   -25
   695,     2,    -9,   -15,   -25
   696,     2,    -9,   -14,   -25
   697,     2,   -10,   -14,   -25
   698,     2,   -10,   -14,   -26
   699,     2,   -10,   -13,   -26
   700,     2,   -10,   -13,   -25
   701,     1,   -10,   -12,   -25
   702,     1,   -10,   -12,   -26
   703,     1,   -10,   -12,   -27
   704,     1,   -10,   -12,   -28
   705,     1,   -10,   -12,   -29
   706,     1,   -10,   -13,   -29
   707,     1,    -9,   -13,   -29
   708,     1,    -8,   -13,   -29
   709,     1,    -7,   -13,   -29
   710,     1,    -7,   -12,   -29
   711,     1,    -7,   -12,   -28
   712,     1,    -7,   -12,   -27
   713,     1,    -7,   -12,   -26
   714,     1,    -7,   -11,   -26
   715,     1,    -8,   -11,   -26
   716,     1,    -9,   -11,   -26
   717,     1,    -9,   -11,   -27
   718,     1,    -9,   -11,   -28
   719,     1,    -9,   -10,   -28
   720,     1,    -9,    -9,   -28
   721,     1,    -9,    -8,   -28
   722,     1,    -9,    -7,   -28
   723,     1,    -9,    -6,   -28
   724,     1,    -8,    -6,   -28
   725,     1,    -8,    -6,   -27
   726,     1,    -8,    -6,   -26
   727,     1,    -8,    -7,   -26
   728,     1,    -8,    -8,   -26
   729,     1,    -8,    -9,   -26
   730,     1,    -8,    -9,   -27
   731,     1,    -8,    -9,   -28
   732,     1,    -8,    -9,   -29
   733,     1,    -8,   -10,   -29
   734,     1,    -8,   -11,   -29
   735,     1,    -8,   -11,   -28
   736,     1,    -8,   -11,   -27
   737,     1,    -8,   -10,   -27
   738,     1,    -7,   -10,   -27
   739,     1,    -6,   -10,   -27
   740,     1,    -5,   -10,   -27
   741,     1,    -4,   -10,   -27
   742,     1,    -3,   -10,   -27
   743,     1,    -2,   -10,   -27
   744,     1,    -2,   -10,   -26
   745,     1,    -2,   -10,   -25
   746,     1,    -2,   -10,   -24
   747,     1,    -2,    -9,   -24
   748,     1,    -1,    -9,   -24
   749,     1,     0,    -9,   -24
   750,     1,     1,    -9,   -24
   751,     1,     1,   -10,   -24
   752,     1,     1,   -11,   -24
   753,     1,     1,   -11,   -23
   754,     1,     0,   -11,   -23
   755,     1,     0,   -10,   -23
   756,     1,     0,    -9,   -23
   757,     1,     0,    -9,   -22
   758,     1,     0,    -9,   -21
   759,     1,     0,    -9,   -20
   760,     1,    -1,    -9,   -20
   761,     1,    -2,    -9,   -20
   762,     1,    -3,    -9,   -20
   763,     1,    -3,    -9,   -19
   764,     1,    -3,    -9,   -18
   765,     1,    -3,    -9,   -17
   766,     1,    -3,    -9,   -16
   767,     1,    -3,    -9,   -15
   768,     1,    -3,    -9,   -14
   769,     1,    -4,    -9,   -14
   770,     1,    -5,    -9,   -14
   771,     1,    -6,    -9,   -14
   772,     1,    -7,    -9,   -14
   773,     1,    -7,    -9,   -15
   774,     1,    -7,    -8,   -15
   775,     1,    -7,    -7,   -15
   776,     1,    -7,    -6,   -15
   777,     1,    -6,    -6,   -15
   778,     1,    -5,    -6,   -15
   779,     1,    -4,    -6,   -15
   780,     1,    -3,    -6,   -15
   781,     1,    -2,    -6,   -15
   782,     1,    -2,    -6,   -16
   783,     1,    -2,    -5,   -16
   784,     1,    -2,    -4,   -16
   785,     1,    -2,    -4,   -15
   786,     1,    -2,    -4,   -14
   787,     1,    -2,    -4,   -13
   788,     1,    -1,    -4,   -13
   789,     1,     0,    -4,   -13
   790,     1,     1,    -4,   -13
   791,     1,     1,    -4,   -14
   792,     1,     1,    -4,   -15
   793,     1,     2,    -4,   -15
   794,     1,     3,    -4,   -15
   795,     1,     4,    -4,   -15
   796,     1,     5,    -4,   -15
   797,     1,     5,    -3,   -15
   798,     1,     5,    -3,   -16
   799,     1,     4,    -3,   -16
   800,     1,     3,    -3,   -16
   801,     3,     2,    -3,   -16
   802,     3,     2,    -2,   -16
   803,     3,     2,    -2,   -17
   804,     3,     1,    -2,   -17
   805,     3,     1,    -1,   -17
   806,     3,     1,     0,   -17
   807,     3,     2,     0,   -17
   808,     3,     3,     0,   -17
   809,     3,     3,    -1,   -17
   810,     3,     3,    -1,   -18
   811,     3,     4,    -1,   -18
   812,     3,     4,     0,   -18
   813,     3,     4,     0,   -19
   814,     3,     3,     0,   -19
   815,     3,     2,     0,   -19
   816,     3,     1,     0,   -19
   817,     3,     1,     0,   -20
   818,     3,     1,     0,   -21
   819,     3,     1,     0,   -22
   820,     3,     0,     0,   -22
   821,     3,     0,     1,   -22
   822,     3,     0,     1,   -21
   823,     3,     0,     2,   -21
   824,     3,     0,     3,   -21
   825,     3,     0,     3,   -20
   826,     3,     0,     4,   -20
   827,     3,     1,     4,   -20
   828,     3,     1,     4,   -19
   829,     3,     2,     4,   -19
   830,     3,     2,     3,   -19
   831,     3,     2,     3,   -20
   832,     3,     3,     3,   -20
   833,     3,     4,     3,   -20
   834,     3,     4,     3,   -21
   835,     3,     5,     3,   -21
   836,     3,     5,     4,   -21
   837,     3,     5,     4,   -22
   838,     3,     5,     3,   -22
   839,     3,     5,     3,   -23
   840,     3,     6,     3,   -23
   841,     3,     7,     3,   -23
   842,     3,     7,     3,   -24
   843,     3,     7,     3,   -25
   844,     3,     7,     2,   -25
   845,     3,     7,     2,   -24
   846,     3,     7,     1,   -24
   847,     3,     7,     0,   -24
   848,     3,     7,     0,   -23
   849,     3,     8,     0,   -23
   850,     3,     9,     0,   -23
   851,     3,     9,     0,   -22
   852,     3,     9,     1,   -22
   853,     3,     9,     2,   -22
   854,     3,     8,     2,   -22
   855,     3,     8,     2,   -21
   856,     3,     7,     2,   -21
   857,     3,     7,     2,   -20
   858,     3,     6,     2,   -20
   859,     3,     6,     2,   -19
   860,     3,     6,     3,   -19
   861,     3,     6,     4,   -19
   862,     3,     5,     4,   -19
   863,     3,     5,     4,   -18
   864,     3,     4,     4,   -18
   865,     3,     3,     4,   -18
   866,     3,     3,     5,   -18
   867,     3,     2,     5,   -18
   868,     3,     2,     5,   -17
   869,     3,     2,     6,   -17
   870,     3,     3,     6,   -17
   871,     3,     3,     7,   -17
   872,     3,     4,     7,   -17
   873,     3,     4,     7,   -16
   874,     3,     4,     8,   -16
   875,     3,     5,     8,   -16
   876,     3,     5,     7,   -16
   877,     3,     5,     7,   -15
   878,     3,     5,     7,   -14
   879,     3,     5,     8,   -14
   880,     3,     6,     8,   -14
   881,     3,     6,     8,   -13
   882,     3,     6,     9,   -13
   883,     3,     6,    10,   -13
   884,     3,     6,    10,   -12
   885,     3,     5,    10,   -12
   886,     3,     4,    10,   -12
   887,     3,     3,    10,   -12
   888,     3,     3,     9,   -12
   889,     3,     3,     8,   -12
   890,     3,     2,     8,   -12
   891,     3,     2,     7,   -12
   892,     3,     2,     7,   -11
   893,     3,     2,     7,   -10
   894,     3,     2,     6,   -10
   895,     3,     3,     6,   -10
   896,     3,     4,     6,   -10
   897,     3,     4,     6,    -9
   898,     3,     4,     7,    -9
   899,     3,     4,     7,    -8
   900,     3,     4,     6,    -8
   901,     3,     5,     6,    -8
   902,     3,     5,     6,    -7
   903,     3,     5,     7,    -7
   904,     3,     6,     7,    -7
   905,     3,     6,     7,    -6
   906,     3,     6,     7,    -5
   907,     3,     7,     7,    -5
   908,     3,     7,     7,    -6
   909,     3,     7,     8,    -6
   910,     3,     6,     8,    -6
   911,     3,     6,     9,    -6
   912,     3,     6,    10,    -6
   913,     3,     7,    10,    -6
   914,     3,     7,     9,    -6
   915,     3,     7,     9,    -7
   916,     3,     8,     9,    -7
   917,     3,     8,     8,    -7
   918,     3,     8,     7,    -7
   919,     3,     8,     6,    -7
   920,     3,     8,     6,    -6
   921,     3,     9,     6,    -6
   922,     3,     9,     6,    -5
   923,     3,     9,     6,    -4
   924,     3,     8,     6,    -4
   925,     3,     7,     6,    -4
   926,     3,     6,     6,    -4
   927,     3,     5,     6,    -4
   928,     3,     5,     6,    -3
   929,     3,     6,     6,    -3
   930,     3,     6,     6,    -2
   931,     3,     6,     7,    -2
   932,     3,     6,     7,    -1
   933,     3,     5,     7,    -1
   934,     3,     4,     7,    -1
   935,     3,     3,     7,    -1
   936,     3,     3,     7,     0
   937,     3,     3,     7,     1
   938,     3,     4,     7,     1
   939,     3,     4,     7,     2
   940,     3,     4,     8,     2
   941,     3,     4,     9,     2
   942,     3,     4,    10,     2
   943,     3,     4,    11,     2
   944,     3,     5,    11,     2
   945,     3,     5,    12,     2
   946,     3,     5,    12,     1
   947,     3,     4,    12,     1
   948,     3,     4,    12,     0
   949,     3,     4,    11,     0
   950,     3,     3,    11,     0
   951,     3,     2,    11,     0
   952,     3,     2,    12,     0
   953,     3,     2,    13,     0
   954,     3,     2,    13,    -1
   955,     3,     2,    12,    -1
   956,     3,     1,    12,    -1
   957,     3,     0,    12,    -1
   958,     3,     0,    12,     0
   959,     3,     0,    13,     0
   960,     3,     1,    13,     0
   961,     3,     1,    13,     1
   962,     3,     1,    13,     2
   963,     3,     1,    12,     2
   964,     3,     2,    12,     2
   965,     3,     3,    12,     2
   966,     3,     3,    12,     3
   967,     3,     3,    13,     3
   968,     3,     3,    13,     2
   969,     3,     3,    13,     1
   970,     3,     3,    14,     1
   971,     3,     2,    14,     1
   972,     3,     1,    14,     1
   973,     3,     1,    14,     0
   974,     3,     0,    14,     0
   975,     3,     0,    15,     0
   976,     3,     0,    15,     1
   977,     3,    -1,    15,     1
   978,     3,    -2,    15,     1
   979,     3,    -2,    15,     0
   980,     3,    -3,    15,     0
   981,     3,    -3,    16,     0
   982,     3,    -3,    16,    -1
   983,     3,    -4,    16,    -1
   984,     3,    -4,    17,    -1
   985,     3,    -4,    17,    -2
   986,     3,    -5,    17,    -2
   987,     3,    -5,    17,    -3
   988,     3,    -5,    17,    -4
   989,     3,    -5,    16,    -4
   990,     3,    -6,    16,    -4
   991,     3,    -6,    16,    -5
   992,     3,    -5,    16,    -5
   993,     3,    -5,    17,    -5
   994,     3,    -4,    17,    -5
   995,     3,    -4,    16,    -5
   996,     3,    -4,    16,    -6
   997,     3,    -4,    15,    -6
   998,     3,    -4,    15,    -5
   999,     3,    -3,    15,    -5
  1000,     3,    -3,    15,    -4
  1001,     1,    -3,    15,    -3
  1002,     1,    -3,    14,    -3
  1003,     1,    -3,    13,    -3
  1004,     1,    -3,    13,    -4
  1005,     1,    -4,    13,    -4
  1006,     1,    -5,    13,    -4
  1007,     1,    -5,    12,    -4
  1008,     1,    -5,    11,    -4
  1009,     1,    -6,    11,    -4
  1010,     1,    -7,    11,    -4
  1011,     1,    -7,    11,    -3
  1012,     1,    -7,    10,    -3
  1013,     1,    -7,     9,    -3
  1014,     1,    -7,     8,    -3
  1015,     1,    -7,     8,    -4
  1016,     1,    -8,     8,    -4
  1017,     1,    -8,     9,    -4
  1018,     1,    -9,     9,    -4
  1019,     1,   -10,     9,    -4
  1020,     1,   -10,    10,    -4
  1021,     1,   -10,    11,    -4
  1022,     1,   -10,    12,    -4
  1023,     1,    -9,    12,    -4
  1024,     1,    -8,    12,    -4
  1025,     1,    -8,    12,    -3
  1026,     1,    -8,    12,    -2
  1027,     1,    -8,    12,    -1
  1028,     1,    -9,    12,    -1
  1029,     1,   -10,    12,    -1
  1030,     1,   -10,    13,    -1
  1031,     1,   -10,    14,    -1
  1032,     1,   -10,    15,    -1
  1033,     1,    -9,    15,    -1
  1034,     1,    -9,    16,    -1
  1035,     1,    -9,    16,     0
  1036,     1,    -9,    16,     1
  1037,     1,    -9,    16,     2
  1038,     1,   -10,    16,     2
  1039,     1,   -11,    16,     2
  1040,     1,   -12,    16,     2
  1041,     1,   -13,    16,     2
  1042,     1,   -14,    16,     2
  1043,     1,   -14,    17,     2
  1044,     1,   -14,    18,     2
  1045,     1,   -14,    18,     3
  1046,     1,   -14,    18,     4
  1047,     1,   -13,    18,     4
  1048,     1,   -12,    18,     4
  1049,     1,   -11,    18,     4
  1050,     1,   -11,    17,     4
  1051,     1,   -11,    16,     4
  1052,     1,   -10,    16,     4
  1053,     1,    -9,    16,     4
  1054,     1,    -8,    16,     4
  1055,     1,    -7,    16,     4
  1056,     1,    -7,    16,     5
  1057,     1,    -7,    17,     5
  1058,     1,    -7,    18,     5
  1059,     1,    -7,    19,     5
  1060,     1,    -8,    19,     5
  1061,     1,    -9,    19,     5
  1062,     1,    -9,    20,     5
  1063,     1,    -9,    21,     5
  1064,     1,    -9,    22,     5
  1065,     1,    -8,    22,     5
  1066,     1,    -7,    22,     5
  1067,     1,    -6,    22,     5
  1068,     1,    -6,    21,     5
  1069,     1,    -6,    21,     6
  1070,     1,    -6,    21,     7
  1071,     1,    -6,    21,     8
  1072,     1,    -7,    21,     8
  1073,     1,    -8,    21,     8
  1074,     1,    -9,    21,     8
  1075,     1,   -10,    21,     8
  1076,     1,   -11,    21,     8
  1077,     1,   -11,    20,     8
  1078,     1,   -11,    19,     8
  1079,     1,   -11,    19,     9
  1080,     1,   -11,    19,    10
  1081,     1,   -11,    20,    10
  1082,     1,   -12,    20,    10
  1083,     1,   -13,    20,    10
  1084,     1,   -14,    20,    10
  1085,     1,   -15,    20,    10
  1086,     1,   -16,    20,    10
  1087,     1,   -17,    20,    10
  1088,     1,   -17,    20,    11
  1089,     1,   -17,    19,    11
  1090,     1,   -17,    18,    11
  1091,     1,   -18,    18,    11
  1092,     1,   -19,    18,    11
  1093,     1,   -20,    18,    11
  1094,     1,   -21,    18,    11
  1095,     1,   -22,    18,    11
  1096,     1,   -22,    18,    12
  1097,     1,   -22,    19,    12
  1098,     1,   -21,    19,    12
  1099,     1,   -20,    19,    12
  1100,     1,   -20,    20,    12
  1101,     2,   -20,    21,    12
  1102,     2,   -20,    22,    12
  1103,     2,   -20,    23,    12
  1104,     2,   -20,    23,    11
  1105,     2,   -19,    23,    11
  1106,     2,   -18,    23,    11
  1107,     2,   -17,    23,    11
  1108,     2,   -16,    23,    11
  1109,     2,   -15,    23,    11
  1110,     2,   -15,    23,    12
  1111,     2,   -15,    23,    13
  1112,     2,   -15,    24,    13
  1113,     2,   -15,    25,    13
  1114,     2,   -15,    25,    14
  1115,     2,   -14,    25,    14
  1116,     2,   -13,    25,    14
  1117,     2,   -13,    24,    14
  1118,     2,   -12,    24,    14
  1119,     2,   -11,    24,    14
  1120,     2,   -11,    24,    13
  1121,     2,   -11,    23,    13
  1122,     2,   -11,    23,    12
  1123,     2,   -12,    23,    12
  1124,     2,   -12,    22,    12
  1125,     2,   -12,    21,    12
  1126,     2,   -12,    20,    12
  1127,     2,   -12,    19,    12
  1128,     2,   -12,    19,    13
  1129,     2,   -13,    19,    13
  1130,     2,   -13,    19,    14
  1131,     2,   -13,    19,    15
  1132,     2,   -13,    18,    15
  1133,     2,   -13,    17,    15
  1134,     2,   -13,    17,    16
  1135,     2,   -13,    17,    17
  1136,     2,   -13,    17,    18
  1137,     2,   -12,    17,    18
  1138,     2,   -12,    18,    18
  1139,     2,   -12,    18,    19
  1140,     2,   -11,    18,    19
  1141,     2,   -11,    18,    20
  1142,     2,   -11,    18,    21
  1143,     2,   -11,    17,    21
  1144,     2,   -12,    17,    21
  1145,     2,   -12,    17,    22
  1146,     2,   -12,    18,    22
  1147,     2,   -12,    18,    23
  1148,     2,   -12,    19,    23
  1149,     2,   -12,    20,    23
  1150,     2,   -12,    20,    22
  1151,     2,   -11,    20,    22
  1152,     2,   -10,    20,    22
  1153,     2,   -10,    20,    21
  1154,     2,   -10,    19,    21
  1155,     2,    -9,    19,    21
  1156,     2,    -9,    19,    20
  1157,     2,    -9,    18,    20
  1158,     2,    -8,    18,    20
  1159,     2,    -8,    17,    20
  1160,     2,    -7,    17,    20
  1161,     2,    -7,    16,    20
  1162,     2,    -6,    16,    20
  1163,     2,    -6,    16,    21
  1164,     2,    -5,    16,    21
  1165,     2,    -5,    16,    22
  1166,     2,    -5,    15,    22
  1167,     2,    -5,    15,    23
  1168,     2,    -4,    15,    23
  1169,     2,    -4,    16,    23
  1170,     2,    -3,    16,    23
  1171,     2,    -3,    16,    22
  1172,     2,    -2,    16,    22
  1173,     2,    -2,    15,    22
  1174,     2,    -1,    15,    22
  1175,     2,    -1,    15,    23
  1176,     2,    -1,    14,    23
  1177,     2,    -1,    13,    23
  1178,     2,    -1,    12,    23
  1179,     2,     0,    12,    23
  1180,     2,     0,    12,    24
  1181,     2,     0,    12,    25
  1182,     2,     0,    11,    25
  1183,     2,     0,    10,    25
  1184,     2,     1,    10,    25
  1185,     2,     1,    10,    24
  1186,     2,     1,     9,    24
  1187,     2,     1,     9,    23
  1188,     2,     1,     8,    23
  1189,     2,     2,     8,    23
  1190,     2,     3,     8,    23
  1191,     2,     3,     8,    22
  1192,     2,     3,     7,    22
  1193,     2,     3,     7,    21
  1194,     2,     3,     6,    21
  1195,     2,     4,     6,    21
  1196,     2,     5,     6,    21
  1197,     2,     6,     6,    21
  1198,     2,     7,     6,    21
  1199,     2,     8,     6,    21
  1200,     2,     8,     6,    20
  1201,     2,     8,     7,    20
  1202,     2,     9,     7,    20
  1203,     2,     9,     7,    19
  1204,     2,     9,     8,    19
  1205,     2,     9,     9,    19
  1206,     2,     9,    10,    19
  1207,     2,     9,    10,    18
  1208,     2,     8,    10,    18
  1209,     2,     8,     9,    18
  1210,     2,     8,     9,    17
  1211,     2,     8,     8,    17
  1212,     2,     8,     8,    16
  1213,     2,     7,     8,    16
  1214,     2,     7,     8,    15
  1215,     2,     7,     8,    14
  1216,     2,     7,     8,    13
  1217,     2,     6,     8,    13
  1218,     2,     6,     7,    13
  1219,     2,     6,     7,    14
  1220,     2,     5,     7,    14
  1221,     2,     5,     7,    15
  1222,     2,     5,     8,    15
  1223,     2,     5,     8,    16
  1224,     2,     6,     8,    16
  1225,     2,     6,     8,    17
  1226,     2,     6,     7,    17
  1227,     2,     5,     7,    17
  1228,     2,     5,     7,    18
  1229,     2,     5,     7,    19
  1230,     2,     5,     7,    20
  1231,     2,     5,     7,    21
  1232,     2,     5,     7,    22
  1233,     2,     6,     7,    22
  1234,     2,     6,     6,    22
  1235,     2,     6,     5,    22
  1236,     2,     6,     5,    23
  1237,     2,     5,     5,    23
  1238,     2,     5,     5,    22
  1239,     2,     5,     4,    22
  1240,     2,     6,     4,    22
  1241,     2,     6,     4,    23
  1242,     2,     6,     3,    23
  1243,     2,     5,     3,    23
  1244,     2,     4,     3,    23
  1245,     2,     4,     3,    24
  1246,     2,     4,     4,    24
  1247,     2,     4,     4,    25
  1248,     2,     4,     4,    26
  1249,     2,     4,     3,    26
  1250,     2,     3,     3,    26
  1251,     2,     3,     3,    27
  1252,     2,     3,     3,    28
  1253,     2,     3,     3,    29
  1254,     2,     4,     3,    29
  1255,     2,     5,     3,    29
  1256,     2,     5,     3,    30
  1257,     2,     5,     2,    30
  1258,     2,     5,     2,    31
  1259,     2,     5,     1,    31
  1260,     2,     4,     1,    31
  1261,     2,     4,     1,    32
  1262,     2,     4,     1,    33
  1263,     2,     4,     0,    33
  1264,     2,     4,    -1,    33
  1265,     2,     4,    -2,    33
  1266,     2,     4,    -3,    33
  1267,     2,     4,    -4,    33
  1268,     2,     4,    -5,    33
  1269,     2,     4,    -6,    33
  1270,     2,     4,    -7,    33
  1271,     2,     4,    -8,    33
  1272,     2,     4,    -9,    33
  1273,     2,     4,   -10,    33
  1274,     2,     3,   -10,    33
  1275,     2,     2,   -10,    33
  1276,     2,     2,   -11,    33
  1277,     2,     2,   -11,    32
  1278,     2,     1,   -11,    32
  1279,     2,     1,   -10,    32
  1280,     2,     0,   -10,    32
  1281,     2,     0,   -11,    32
  1282,     2,    -1,   -11,    32
  1283,     2,    -1,   -11,    33
  1284,     2,    -1,   -10,    33
  1285,     2,    -2,   -10,    33
  1286,     2,    -2,    -9,    33
  1287,     2,    -3,    -9,    33
  1288,     2,    -4,    -9,    33
  1289,     2,    -4,    -9,    34
  1290,     2,    -3,    -9,    34
  1291,     2,    -2,    -9,    34
  1292,     2,    -1,    -9,    34
  1293,     2,    -1,   -10,    34
  1294,     2,    -1,   -10,    35
  1295,     2,    -1,   -11,    35
  1296,     2,    -2,   -11,    35
  1297,     2,    -2,   -11,    36
  1298,     2,    -3,   -11,    36
  1299,     2,    -3,   -11,    37
  1300,     2,    -2,   -11,    37
  1301,     1,    -2,   -10,    37
  1302,     1,    -2,   -10,    38
  1303,     1,    -2,    -9,    38
  1304,     1,    -2,    -8,    38
  1305,     1,    -2,    -7,    38
  1306,     1,    -3,    -7,    38
  1307,     1,    -3,    -7,    37
  1308,     1,    -3,    -7,    36
  1309,     1,    -3,    -6,    36
  1310,     1,    -3,    -5,    36
  1311,     1,    -3,    -4,    36
  1312,     1,    -3,    -3,    36
  1313,     1,    -3,    -2,    36
  1314,     1,    -2,    -2,    36
  1315,     1,    -1,    -2,    36
  1316,     1,     0,    -2,    36
  1317,     1,     0,    -1,    36
  1318,     1,     0,     0,    36
  1319,     1,     0,     0,    37
  1320,     1,     0,     0,    38
  1321,     1,     1,     0,    38
  1322,     1,     2,     0,    38
  1323,     1,     3,     0,    38
  1324,     1,     3,    -1,    38
  1325,     1,     3,    -1,    39
  1326,     1,     3,    -1,    40
  1327,     1,     3,    -1,    41
  1328,     1,     3,    -1,    42
  1329,     1,     2,    -1,    42
  1330,     1,     1,    -1,    42
  1331,     1,     1,    -1,    41
  1332,     1,     1,     0,    41
  1333,     1,     1,     1,    41
  1334,     1,     1,     2,    41
  1335,     1,     1,     2,    42
  1336,     1,     1,     2,    43
  1337,     1,     1,     1,    43
  1338,     1,     2,     1,    43
  1339,     1,     3,     1,    43
  1340,     1,     4,     1,    43
  1341,     1,     4,     1,    42
  1342,     1,     4,     1,    41
  1343,     1,     4,     2,    41
  1344,     1,     4,     3,    41
  1345,     1,     4,     4,    41
  1346,     1,     4,     5,    41
  1347,     1,     4,     5,    40
  1348,     1,     4,     5,    39
  1349,     1,     4,     4,    39
  1350,     1,     4,     3,    39
  1351,     1,     3,     3,    39
  1352,     1,     2,     3,    39
  1353,     1,     2,     2,    39
  1354,     1,     1,     2,    39
  1355,     1,     1,     2,    38
  1356,     1,     1,     2,    37
  1357,     1,     0,     2,    37
  1358,     1,    -1,     2,    37
  1359,     1,    -2,     2,    37
  1360,     1,    -3,     2,    37
  1361,     1,    -3,     2,    36
  1362,     1,    -3,     2,    35
  1363,     1,    -3,     2,    34
  1364,     1,    -3,     3,    34
  1365,     1,    -3,     4,    34
  1366,     1,    -3,     5,    34
  1367,     1,    -3,     5,    35
  1368,     1,    -2,     5,    35
  1369,     1,    -1,     5,    35
  1370,     1,    -1,     4,    35
  1371,     1,    -1,     3,    35
  1372,     1,    -2,     3,    35
  1373,     1,    -3,     3,    35
  1374,     1,    -4,     3,    35
  1375,     1,    -4,     4,    35
  1376,     1,    -5,     4,    35
  1377,     1,    -5,     4,    34
  1378,     1,    -5,     3,    34
  1379,     1,    -5,     2,    34
  1380,     1,    -5,     1,    34
  1381,     1,    -5,     1,    35
  1382,     1,    -5,     2,    35
  1383,     1,    -6,     2,    35
  1384,     1,    -6,     1,    35
  1385,     1,    -7,     1,    35
  1386,     1,    -8,     1,    35
  1387,     1,    -9,     1,    35
  1388,     1,    -9,     1,    34
  1389,     1,    -9,     2,    34
  1390,     1,   -10,     2,    34
  1391,     1,   -11,     2,    34
  1392,     1,   -12,     2,    34
  1393,     1,   -12,     3,    34
  1394,     1,   -12,     3,    35
  1395,     1,   -12,     3,    36
  1396,     1,   -12,     3,    37
  1397,     1,   -12,     4,    37
  1398,     1,   -11,     4,    37
  1399,     1,   -10,     4,    37
  1400,     1,   -10,     4,    36
  1401,     3,    -9,     4,    36
  1402,     3,    -9,     5,    36
  1403,     3,    -9,     5,    35
  1404,     3,    -9,     6,    35
  1405,     3,    -9,     7,    35
  1406,     3,    -9,     7,    34
  1407,     3,   -10,     7,    34
  1408,     3,   -10,     8,    34
  1409,     3,    -9,     8,    34
  1410,     3,    -8,     8,    34
  1411,     3,    -8,     7,    34
  1412,     3,    -8,     7,    33
  1413,     3,    -9,     7,    33
  1414,     3,    -9,     8,    33
  1415,     3,    -9,     8,    32
  1416,     3,   -10,     8,    32
  1417,     3,   -10,     8,    31
  1418,     3,   -10,     7,    31
  1419,     3,    -9,     7,    31
  1420,     3,    -9,     7,    30
  1421,     3,    -9,     7,    29
  1422,     3,    -9,     6,    29
  1423,     3,    -8,     6,    29
  1424,     3,    -7,     6,    29
  1425,     3,    -6,     6,    29
  1426,     3,    -6,     6,    30
  1427,     3,    -6,     7,    30
  1428,     3,    -6,     8,    30
  1429,     3,    -6,     8,    29
  1430,     3,    -7,     8,    29
  1431,     3,    -7,     9,    29
  1432,     3,    -7,     9,    28
  1433,     3,    -8,     9,    28
  1434,     3,    -8,    10,    28
  1435,     3,    -8,    10,    29
  1436,     3,    -9,    10,    29
  1437,     3,   -10,    10,    29
  1438,     3,   -10,    10,    30
  1439,     3,   -10,    10,    31
  1440,     3,   -11,    10,    31
  1441,     3,   -11,     9,    31
  1442,     3,   -12,     9,    31
  1443,     3,   -12,     9,    30
  1444,     3,   -12,     8,    30
  1445,     3,   -13,     8,    30
  1446,     3,   -14,     8,    30
  1447,     3,   -14,     7,    30
  1448,     3,   -14,     7,    31
  1449,     3,   -14,     6,    31
  1450,     3,   -14,     6,    32
  1451,     3,   -14,     6,    33
  1452,     3,   -14,     6,    34
  1453,     3,   -15,     6,    34
  1454,     3,   -15,     5,    34
  1455,     3,   -15,     5,    35
  1456,     3,   -15,     4,    35
  1457,     3,   -14,     4,    35
  1458,     3,   -13,     4,    35
  1459,     3,   -12,     4,    35
  1460,     3,   -11,     4,    35
  1461,     3,   -11,     5,    35
  1462,     3,   -11,     6,    35
  1463,     3,   -11,     7,    35
  1464,     3,   -10,     7,    35
  1465,     3,   -10,     7,    36
  1466,     3,    -9,     7,    36
  1467,     3,    -8,     7,    36
  1468,     3,    -8,     8,    36
  1469,     3,    -8,     8,    35
  1470,     3,    -8,     9,    35
  1471,     3,    -8,    10,    35
  1472,     3,    -9,    10,    35
  1473,     3,    -9,    10,    36
  1474,     3,    -9,    10,    37
  1475,     3,    -9,    11,    37
  1476,     3,    -8,    11,    37
  1477,     3,    -8,    12,    37
  1478,     3,    -7,    12,    37
  1479,     3,    -7,    12,    38
  1480,     3,    -7,    13,    38
  1481,     3,    -6,    13,    38
  1482,     3,    -5,    13,    38
  1483,     3,    -5,    14,    38
  1484,     3,    -5,    15,    38
  1485,     3,    -5,    16,    38
  1486,     3,    -5,    17,    38
  1487,     3,    -5,    18,    38
  1488,     3,    -4,    18,    38
  1489,     3,    -4,    17,    38
  1490,     3,    -4,    16,    38
  1491,     3,    -4,    15,    38
  1492,     3,    -4,    15,    37
  1493,     3,    -4,    15,    36
  1494,     3,    -4,    15,    35
  1495,     3,    -4,    15,    34
  1496,     3,    -4,    16,    34
  1497,     3,    -4,    17,    34
  1498,     3,    -3,    17,    34
  1499,     3,    -3,    18,    34
  1500,     3,    -3,    18,    33
  1501,     3,    -4,    18,    33
  1502,     3,    -4,    19,    33
  1503,     3,    -4,    20,    33
  1504,     3,    -4,    21,    33
  1505,     3,    -3,    21,    33
  1506,     3,    -3,    21,    34
  1507,     3,    -3,    22,    34
  1508,     3,    -3,    23,    34
  1509,     3,    -4,    23,    34
  1510,     3,    -5,    23,    34
  1511,     3,    -5,    22,    34
  1512,     3,    -5,    22,    35
  1513,     3,    -5,    22,    36
  1514,     3,    -5,    21,    36
  1515,     3,    -5,    21,    37
  1516,     3,    -4,    21,    37
  1517,     3,    -3,    21,    37
  1518,     3,    -2,    21,    37
  1519,     3,    -2,    20,    37
  1520,     3,    -2,    19,    37
  1521,     3,    -2,    18,    37
  1522,     3,    -2,    18,    36
  1523,     3,    -1,    18,    36
  1524,     3,    -1,    17,    36
  1525,     3,    -1,    17,    35
  1526,     3,     0,    17,    35
  1527,     3,     0,    17,    34
  1528,     3,     0,    16,    34
  1529,     3,    -1,    16,    34
  1530,     3,    -1,    15,    34
  1531,     3,    -1,    15,    35
  1532,     3,    -1,    15,    36
  1533,     3,    -2,    15,    36
  1534,     3,    -2,    14,    36
  1535,     3,    -2,    13,    36
  1536,     3,    -1,    13,    36
  1537,     3,    -1,    13,    35
  1538,     3,    -1,    13,    34
  1539,     3,     0,    13,    34
  1540,     3,     0,    14,    34
  1541,     3,     1,    14,    34
  1542,     3,     1,    14,    35
  1543,     3,     2,    14,    35
  1544,     3,     2,    14,    36
  1545,     3,     1,    14,    36
  1546,     3,     1,    14,    37
  1547,     3,     0,    14,    37
  1548,     3,     0,    13,    37
  1549,     3,     0,    13,    38
  1550,     3,     0,    14,    38
  1551,     3,     1,    14,    38
  1552,     3,     2,    14,    38
  1553,     3,     3,    14,    38
  1554,     3,     3,    13,    38
  1555,     3,     3,    13,    37
  1556,     3,     3,    13,    36
  1557,     3,     3,    13,    35
  1558,     3,     4,    13,    35
  1559,     3,     4,    14,    35
  1560,     3,     4,    15,    35
  1561,     3,     4,    15,    34
  1562,     3,     3,    15,    34
  1563,     3,     2,    15,    34
  1564,     3,     2,    16,    34
  1565,     3,     3,    16,    34
  1566,     3,     3,    16,    33
  1567,     3,     3,    17,    33
  1568,     3,     3,    18,    33
  1569,     3,     4,    18,    33
  1570,     3,     5,    18,    33
  1571,     3,     5,    18,    32
  1572,     3,     5,    19,    32
  1573,     3,     4,    19,    32
  1574,     3,     3,    19,    32
  1575,     3,     3,    20,    32
  1576,     3,     3,    20,    33
  1577,     3,     3,    21,    33
  1578,     3,     4,    21,    33
  1579,     3,     4,    22,    33
  1580,     3,     4,    22,    32
  1581,     3,     4,    22,    31
  1582,     3,     5,    22,    31
  1583,     3,     5,    23,    31
  1584,     3,     5,    23,    30
  1585,     3,     5,    24,    30
  1586,     3,     4,    24,    30
  1587,     3,     3,    24,    30
  1588,     3,     3,    24,    29
  1589,     3,     2,    24,    29
  1590,     3,     2,    24,    30
  1591,     3,     2,    23,    30
  1592,     3,     2,    22,    30
  1593,     3,     2,    22,    29
  1594,     3,     2,    22,    28
  1595,     3,     2,    22,    27
  1596,     3,     2,    23,    27
  1597,     3,     2,    24,    27
  1598,     3,     3,    24,    27
  1599,     3,     4,    24,    27
  1600,     3,     4,    24,    26
  1601,     1,     4,    25,    26
  1602,     1,     4,    26,    26
  1603,     1,     4,    26,    25
  1604,     1,     3,    26,    25
  1605,     1,     2,    26,    25
  1606,     1,     2,    25,    25
  1607,     1,     2,    24,    25
  1608,     1,     2,    23,    25
  1609,     1,     1,    23,    25
  1610,     1,     1,    23,    24
  1611,     1,     1,    24,    24
  1612,     1,     1,    25,    24
  1613,     1,     0,    25,    24
  1614,     1,     0,    25,    25
  1615,     1,     0,    25,    26
  1616,     1,    -1,    25,    26
  1617,     1,    -2,    25,    26
  1618,     1,    -2,    25,    27
  1619,     1,    -2,    25,    28
  1620,     1,    -1,    25,    28
  1621,     1,     0,    25,    28
  1622,     1,     1,    25,    28
  1623,     1,     1,    26,    28
  1624,     1,     1,    27,    28
  1625,     1,     1,    28,    28
  1626,     1,     2,    28,    28
  1627,     1,     3,    28,    28
  1628,     1,     4,    28,    28
  1629,     1,     5,    28,    28
  1630,     1,     5,    27,    28
  1631,     1,     5,    27,    29
  1632,     1,     4,    27,    29
  1633,     1,     3,    27,    29
  1634,     1,     2,    27,    29
  1635,     1,     1,    27,    29
  1636,     1,     0,    27,    29
  1637,     1,    -1,    27,    29
  1638,     1,    -1,    27,    28
  1639,     1,    -1,    28,    28
  1640,     1,    -2,    28,    28
  1641,     1,    -3,    28,    28
  1642,     1,    -4,    28,    28
  1643,     1,    -4,    28,    27
  1644,     1,    -4,    28,    26
  1645,     1,    -4,    28,    25
  1646,     1,    -4,    27,    25
  1647,     1,    -4,    26,    25
  1648,     1,    -3,    26,    25
  1649,     1,    -3,    26,    24
  1650,     1,    -3,    27,    24
  1651,     1,    -3,    27,    23
  1652,     1,    -3,    27,    22
  1653,     1,    -3,    27,    21
  1654,     1,    -3,    27,    20
  1655,     1,    -3,    27,    19
  1656,     1,    -3,    27,    18
  1657,     1,    -3,    27,    17
  1658,     1,    -3,    26,    17
  1659,     1,    -3,    25,    17
  1660,     1,    -3,    25,    16
  1661,     1,    -3,    25,    15
  1662,     1,    -3,    26,    15
  1663,     1,    -3,    27,    15
  1664,     1,    -3,    27,    14
  1665,     1,    -3,    27,    13
  1666,     1,    -4,    27,    13
  1667,     1,    -4,    26,    13
  1668,     1,    -4,    25,    13
  1669,     1,    -4,    24,    13
  1670,     1,    -5,    24,    13
  1671,     1,    -6,    24,    13
  1672,     1,    -6,    24,    14
  1673,     1,    -5,    24,    14
  1674,     1,    -5,    24,    15
  1675,     1,    -5,    24,    16
  1676,     1,    -5,    24,    17
  1677,     1,    -6,    24,    17
  1678,     1,    -6,    23,    17
  1679,     1,    -6,    22,    17
  1680,     1,    -5,    22,    17
  1681,     1,    -5,    22,    18
  1682,     1,    -5,    22,    19
  1683,     1,    -5,    22,    20
  1684,     1,    -5,    22,    21
  1685,     1,    -5,    23,    21
  1686,     1,    -5,    24,    21
  1687,     1,    -5,    25,    21
  1688,     1,    -5,    26,    21
  1689,     1,    -6,    26,    21
  1690,     1,    -7,    26,    21
  1691,     1,    -7,    25,    21
  1692,     1,    -7,    25,    20
  1693,     1,    -7,    25,    19
  1694,     1,    -8,    25,    19
  1695,     1,    -8,    24,    19
  1696,     1,    -8,    23,    19
  1697,     1,    -8,    22,    19
  1698,     1,    -8,    21,    19
  1699,     1,    -9,    21,    19
  1700,     1,   -10,    21,    19
  1701,     1,   -11,    21,    19
  1702,     1,   -11,    21,    18
  1703,     1,   -11,    20,    18
  1704,     1,   -11,    19,    18
  1705,     1,   -11,    19,    19
  1706,     1,   -11,    19,    20
  1707,     1,   -12,    19,    20
  1708,     1,   -12,    19,    19
  1709,     1,   -13,    19,    19
  1710,     1,   -14,    19,    19
  1711,     1,   -15,    19,    19
  1712,     1,   -16,    19,    19
  1713,     1,   -17,    19,    19
  1714,     1,   -18,    19,    19
  1715,     1,   -19,    19,    19
  1716,     1,   -19,    19,    18
  1717,     1,   -19,    19,    17
  1718,     1,   -19,    20,    17
  1719,     1,   -19,    21,    17
  1720,     1,   -18,    21,    17
  1721,     1,   -18,    21,    18
  1722,     1,   -18,    21,    19
  1723,     1,   -18,    21,    20
  1724,     1,   -18,    20,    20
  1725,     1,   -17,    20,    20
  1726,     1,   -16,    20,    20
  1727,     1,   -16,    20,    21
  1728,     1,   -16,    20,    22
  1729,     1,   -16,    19,    22
  1730,     1,   -17,    19,    22
  1731,     1,   -18,    19,    22
  1732,     1,   -18,    20,    22
  1733,     1,   -18,    20,    23
  1734,     1,   -17,    20,    23
  1735,     1,   -17,    20,    24
  1736,     1,   -17,    20,    25
  1737,     1,   -18,    20,    25
  1738,     1,   -18,    21,    25
  1739,     1,   -18,    21,    24
  1740,     1,   -19,    21,    24
  1741,     1,   -20,    21,    24
  1742,     1,   -21,    21,    24
  1743,     1,   -21,    20,    24
  1744,     1,   -21,    19,    24
  1745,     1,   -21,    19,    25
  1746,     1,   -21,    19,    26
  1747,     1,   -21,    18,    26
  1748,     1,   -21,    17,    26
  1749,     1,   -21,    16,    26
  1750,     1,   -21,    16,    27
  1751,     1,   -22,    16,    27
  1752,     1,   -23,    16,    27
  1753,     1,   -24,    16,    27
  1754,     1,   -24,    16,    26
  1755,     1,   -24,    16,    25
  1756,     1,   -24,    16,    24
  1757,     1,   -24,    15,    24
  1758,     1,   -24,    14,    24
  1759,     1,   -25,    14,    24
  1760,     1,   -26,    14,    24
  1761,     1,   -26,    14,    23
  1762,     1,   -25,    14,    23
  1763,     1,   -24,    14,    23
  1764,     1,   -23,    14,    23
  1765,     1,   -22,    14,    23
  1766,     1,   -22,    15,    23
  1767,     1,   -22,    15,    24
  1768,     1,   -22,    15,    25
  1769,     1,   -22,    15,    26
  1770,     1,   -22,    15,    27
  1771,     1,   -22,    14,    27
  1772,     1,   -21,    14,    27
  1773,     1,   -20,    14,    27
  1774,     1,   -20,    13,    27
  1775,     1,   -20,    13,    26
  1776,     1,   -20,    13,    25
  1777,     1,   -20,    13,    24
  1778,     1,   -20,    13,    23
  1779,     1,   -20,    13,    22
  1780,     1,   -20,    13,    21
  1781,     1,   -20,    12,    21
  1782,     1,   -20,    11,    21
  1783,     1,   -20,    10,    21
  1784,     1,   -21,    10,    21
  1785,     1,   -21,    10,    20
  1786,     1,   -21,    10,    19
  1787,     1,   -21,     9,    19
  1788,     1,   -22,     9,    19
  1789,     1,   -23,     9,    19
  1790,     1,   -23,     9,    18
  1791,     1,   -23,     9,    17
  1792,     1,   -23,    10,    17
  1793,     1,   -23,    11,    17
  1794,     1,   -23,    11,    16
  1795,     1,   -23,    11,    15
  1796,     1,   -23,    11,    14
  1797,     1,   -22,    11,    14
  1798,     1,   -21,    11,    14
  1799,     1,   -21,    11,    15
  1800,     5,   -21,    10,    15
  1801,     1,   -21,     9,    15
  1802,     1,   -21,     9,    16
  1803,     1,   -21,     9,    17
  1804,     1,   -20,     9,    17
  1805,     1,   -20,     9,    18
  1806,     1,   -20,     8,    18
  1807,     1,   -20,     7,    18
  1808,     1,   -20,     6,    18
  1809,     1,   -20,     5,    18
  1810,     1,   -20,     5,    19
  1811,     1,   -20,     5,    20
  1812,     1,   -20,     6,    20
  1813,     1,   -20,     7,    20
  1814,     1,   -19,     7,    20
  1815,     1,   -18,     7,    20
  1816,     1,   -18,     7,    19
  1817,     1,   -18,     7,    18
  1818,     1,   -18,     7,    17
  1819,     1,   -18,     7,    16
  1820,     1,   -18,     7,    15
  1821,     1,   -19,     7,    15
  1822,     1,   -19,     6,    15
  1823,     1,   -19,     5,    15
  1824,     1,   -19,     4,    15
  1825,     1,   -19,     4,    16
  1826,     1,   -19,     4,    17
  1827,     1,   -18,     4,    17
  1828,     1,   -17,     4,    17
  1829,     1,   -17,     5,    17
  1830,     1,   -16,     5,    17
  1831,     1,   -15,     5,    17
  1832,     1,   -15,     6,    17
  1833,     1,   -15,     6,    18
  1834,     1,   -15,     6,    19
  1835,     1,   -16,     6,    19
  1836,     1,   -16,     6,    20
  1837,     1,   -17,     6,    20
  1838,     1,   -17,     6,    19
  1839,     1,   -17,     5,    19
  1840,     1,   -17,     5,    20
  1841,     1,   -16,     5,    20
  1842,     1,   -15,     5,    20
  1843,     1,   -14,     5,    20
  1844,     1,   -14,     5,    21
  1845,     1,   -15,     5,    21
  1846,     1,   -15,     6,    21
  1847,     1,   -15,     7,    21
  1848,     1,   -15,     7,    22
  1849,     1,   -14,     7,    22
  1850,     1,   -13,     7,    22
  1851,     1,   -12,     7,    22
  1852,     1,   -11,     7,    22
  1853,     1,   -11,     7,    23
  1854,     1,   -11,     6,    23
  1855,     1,   -11,     5,    23
  1856,     1,   -10,     5,    23
  1857,     1,    -9,     5,    23
  1858,     1,    -8,     5,    23
  1859,     1,    -8,     6,    23
  1860,     1,    -8,     6,    22
  1861,     1,    -8,     5,    22
  1862,     1,    -9,     5,    22
  1863,     1,   -10,     5,    22
  1864,     1,   -11,     5,    22
  1865,     1,   -12,     5,    22
  1866,     1,   -13,     5,    22
  1867,     1,   -13,     5,    23
  1868,     1,   -13,     5,    24
  1869,     1,   -14,     5,    24
  1870,     1,   -14,     4,    24
  1871,     1,   -14,     3,    24
  1872,     1,   -14,     2,    24
  1873,     1,   -14,     2,    25
  1874,     1,   -13,     2,    25
  1875,     1,   -12,     2,    25
  1876,     1,   -11,     2,    25
  1877,     1,   -11,     2,    24
  1878,     1,   -11,     1,    24
  1879,     1,   -11,     0,    24
  1880,     1,   -11,    -1,    24
  1881,     1,   -11,    -1,    25
  1882,     1,   -10,    -1,    25
  1883,     1,    -9,    -1,    25
  1884,     1,    -9,    -1,    26
  1885,     1,    -9,    -2,    26
  1886,     1,    -9,    -3,    26
  1887,     1,    -8,    -3,    26
  1888,     1,    -7,    -3,    26
  1889,     1,    -6,    -3,    26
  1890,     1,    -5,    -3,    26
  1891,     1,    -5,    -4,    26
  1892,     1,    -6,    -4,    26
  1893,     1,    -6,    -5,    26
  1894,     1,    -5,    -5,    26
  1895,     1,    -5,    -5,    25
  1896,     1,    -5,    -5,    24
  1897,     1,    -5,    -5,    23
  1898,     1,    -6,    -5,    23
  1899,     1,    -7,    -5,    23
  1900,     1,    -8,    -5,    23
  1901,     1,    -8,    -5,    22
  1902,     1,    -8,    -5,    21
  1903,     1,    -8,    -4,    21
  1904,     1,    -8,    -4,    22
  1905,     1,    -9,    -4,    22
  1906,     1,   -10,    -4,    22
  1907,     1,   -11,    -4,    22
  1908,     1,   -11,    -5,    22
  1909,     1,   -11,    -6,    22
  1910,     1,   -12,    -6,    22
  1911,     1,   -13,    -6,    22
  1912,     1,   -14,    -6,    22
  1913,     1,   -15,    -6,    22
  1914,     1,   -16,    -6,    22
  1915,     1,   -16,    -5,    22
  1916,     1,   -16,    -5,    21
  1917,     1,   -16,    -5,    20
  1918,     1,   -15,    -5,    20
  1919,     1,   -15,    -5,    21
  1920,     1,   -14,    -5,    21
  1921,     1,   -13,    -5,    21
  1922,     1,   -13,    -5,    20
  1923,     1,   -13,    -6,    20
  1924,     1,   -13,    -7,    20
  1925,     1,   -14,    -7,    20
  1926,     1,   -15,    -7,    20
  1927,     1,   -15,    -7,    21
  1928,     1,   -15,    -8,    21
  1929,     1,   -15,    -9,    21
  1930,     1,   -15,    -9,    20
  1931,     1,   -15,    -9,    19
  1932,     1,   -15,    -8,    19
  1933,     1,   -15,    -7,    19
  1934,     1,   -15,    -7,    18
  1935,     1,   -16,    -7,    18
  1936,     1,   -17,    -7,    18
  1937,     1,   -17,    -8,    18
  1938,     1,   -17,    -8,    19
  1939,     1,   -17,    -8,    20
  1940,     1,   -17,    -8,    21
  1941,     1,   -18,    -8,    21
  1942,     1,   -19,    -8,    21
  1943,     1,   -19,    -9,    21
  1944,     1,   -19,   -10,    21
  1945,     1,   -18,   -10,    21
  1946,     1,   -18,   -10,    20
  1947,     1,   -18,   -10,    19
  1948,     1,   -19,   -10,    19
  1949,     1,   -20,   -10,    19
  1950,     1,   -20,   -11,    19
  1951,     1,   -20,   -12,    19
  1952,     1,   -19,   -12,    19
  1953,     1,   -19,   -13,    19
  1954,     1,   -19,   -13,    20
  1955,     1,   -20,   -13,    20
  1956,     1,   -21,   -13,    20
  1957,     1,   -21,   -13,    21
  1958,     1,   -21,   -13,    22
  1959,     1,   -20,   -13,    22
  1960,     1,   -20,   -13,    21
  1961,     1,   -20,   -12,    21
  1962,     1,   -20,   -11,    21
  1963,     1,   -20,   -10,    21
  1964,     1,   -20,   -10,    22
  1965,     1,   -21,   -10,    22
  1966,     1,   -22,   -10,    22
  1967,     1,   -23,   -10,    22
  1968,     1,   -24,   -10,    22
  1969,     1,   -24,   -10,    23
  1970,     1,   -24,   -10,    24
  1971,     1,   -24,   -11,    24
  1972,     1,   -24,   -12,    24
  1973,     1,   -23,   -12,    24
  1974,     1,   -22,   -12,    24
  1975,     1,   -21,   -12,    24
  1976,     1,   -21,   -13,    24
  1977,     1,   -21,   -13,    25
  1978,     1,   -22,   -13,    25
  1979,     1,   -22,   -14,    25
  1980,     1,   -22,   -14,    26
  1981,     1,   -23,   -14,    26
  1982,     1,   -24,   -14,    26
  1983,     1,   -24,   -15,    26
  1984,     1,   -24,   -16,    26
  1985,     1,   -25,   -16,    26
  1986,     1,   -25,   -15,    26
  1987,     1,   -25,   -15,    25
  1988,     1,   -25,   -15,    24
  1989,     1,   -25,   -15,    23
  1990,     1,   -25,   -16,    23
  1991,     1,   -24,   -16,    23
  1992,     1,   -24,   -16,    22
  1993,     1,   -24,   -16,    21
  1994,     1,   -25,   -16,    21
  1995,     1,   -26,   -16,    21
  1996,     1,   -27,   -16,    21
  1997,     1,   -27,   -15,    21
  1998,     1,   -27,   -14,    21
  1999,     1,   -27,   -13,    21
  2000,     1,   -28,   -13,    21
