 -35,  14,  20
 -34,  14,  20
 -34,  14,  19
 -34,  14,  18
 -35,  14,  18
 -35,  14,  17
 -35,  14,  16
 -36,  14,  16
 -36,  14,  15
 -36,  13,  15
 -37,  13,  15
 -37,  13,  16
 -38,  13,  16
 -39,  13,  16
 -39,  14,  16
 -39,  14,  15
 -40,  14,  15
 -40,  14,  14
 -40,  15,  14
 -40,  15,  13
 -39,  15,  13
 -39,  14,  13
 -39,  13,  13
 -38,  13,  13
 -37,  13,  13
 -37,  13,  12
 -36,  13,  12
 -36,  13,  11
 -35,  13,  11
 -34,  13,  11
 -34,  14,  11
 -34,  14,  10
 -35,  14,  10
 -35,  14,   9
 -35,  14,   8
 -34,  14,   8
 -34,  13,   8
 -33,  13,   8
 -33,  13,   7
 -33,  13,   6
 -34,  13,   6
 -34,  14,   6
 -34,  15,   6
 -33,  15,   6
 -33,  14,   6
 -33,  14,   5
 -32,  14,   5
 -31,  14,   5
 -31,  15,   5
 -31,  16,   5
 -31,  16,   6
 -30,  16,   6
 -30,  16,   5
 -29,  16,   5
 -29,  15,   5
 -29,  15,   6
 -29,  14,   6
 -29,  14,   7
 -30,  14,   7
 -30,  13,   7
 -29,  13,   7
 -29,  12,   7
 -28,  12,   7
 -28,  12,   6
 -27,  12,   6
 -27,  12,   5
 -26,  12,   5
 -25,  12,   5
 -25,  12,   4
 -25,  12,   3
 -25,  11,   3
 -26,  11,   3
 -26,  11,   2
 -27,  11,   2
 -27,  12,   2
 -27,  13,   2
 -26,  13,   2
 -25,  13,   2
 -25,  13,   1
 -25,  12,   1
 -25,  11,   1
 -26,  11,   1
 -26,  10,   1
 -26,  10,   0
 -26,   9,   0
 -25,   9,   0
 -25,   8,   0
 -25,   8,  -1
 -25,   7,  -1
 -25,   6,  -1
 -25,   5,  -1
 -25,   5,  -2
 -25,   4,  -2
 -25,   3,  -2
 -24,   3,  -2
 -24,   3,  -3
 -24,   3,  -4
 -23,   3,  -4
 -23,   2,  -4
 -23,   2,  -5
 -23,   2,  -6
 -22,   2,  -6
 -22,   3,  -6
 -21,   3,  -6
 -20,   3,  -6
 -19,   3,  -6
 -19,   3,  -7
 -18,   3,  -7
 -18,   3,  -6
 -18,   3,  -5
 -19,   3,  -5
 -19,   4,  -5
 -19,   4,  -4
 -19,   4,  -3
 -20,   4,  -3
 -20,   3,  -3
 -20,   3,  -2
 -20,   4,  -2
 -19,   4,  -2
 -19,   4,  -1
 -19,   3,  -1
 -19,   3,   0
 -20,   3,   0
 -20,   3,   1
 -20,   3,   2
 -20,   4,   2
 -20,   4,   3
 -19,   4,   3
 -19,   3,   3
 -19,   3,   4
 -20,   3,   4
 -21,   3,   4
 -21,   3,   3
 -21,   2,   3
 -22,   2,   3
 -23,   2,   3
 -23,   3,   3
 -22,   3,   3
 -22,   3,   4
 -22,   2,   4
 -22,   2,   5
 -22,   3,   5
 -21,   3,   5
 -21,   3,   6
 -20,   3,   6
 -20,   4,   6
 -19,   4,   6
 -19,   4,   7
 -18,   4,   7
 -18,   3,   7
 -18,   3,   8
 -18,   4,   8
 -18,   4,   9
 -18,   5,   9
 -18,   6,   9
 -18,   6,   8
 -19,   6,   8
 -19,   5,   8
 -19,   4,   8
 -19,   3,   8
 -19,   2,   8
 -19,   2,   9
 -18,   2,   9
 -18,   1,   9
 -18,   0,   9
 -18,   0,  10
 -19,   0,  10
 -19,  -1,  10
 -19,  -1,  11
 -19,  -1,  12
 -19,  -2,  12
 -19,  -2,  13
 -18,  -2,  13
 -18,  -2,  12
 -18,  -2,  11
 -17,  -2,  11
 -17,  -2,  10
 -17,  -3,  10
 -17,  -3,   9
 -17,  -2,   9
 -17,  -1,   9
 -17,  -1,  10
 -16,  -1,  10
 -16,   0,  10
 -17,   0,  10
 -17,   0,  11
 -18,   0,  11
 -18,   1,  11
 -19,   1,  11
 -19,   1,  10
 -18,   1,  10
 -18,   2,  10
 -18,   3,  10
 -17,   3,  10
 -17,   3,  11
 -17,   2,  11
 -17,   2,  12
 -18,   2,  12
 -18,   3,  12
 -18,   3,  11
 -18,   4,  11
 -17,   4,  11
 -16,   4,  11
 -16,   4,  12
 -15,   4,  12
 -15,   5,  12
 -16,   5,  12
 -16,   5,  13
 -17,   5,  13
 -17,   5,  12
 -17,   6,  12
 -16,   6,  12
 -16,   6,  13
 -16,   7,  13
 -17,   7,  13
 -17,   8,  13
 -17,   8,  12
 -17,   7,  12
 -18,   7,  12
 -18,   8,  12
 -19,   8,  12
 -19,   8,  11
 -19,   9,  11
 -20,   9,  11
 -20,   9,  10
 -19,   9,  10
 -18,   9,  10
 -17,   9,  10
 -17,  10,  10
 -16,  10,  10
 -16,  10,  11
 -15,  10,  11
 -15,  10,  12
 -15,  11,  12
 -15,  11,  13
 -15,  12,  13
 -15,  12,  14
 -15,  11,  14
 -15,  10,  14
 -14,  10,  14
 -14,   9,  14
 -13,   9,  14
 -13,   9,  13
 -14,   9,  13
 -15,   9,  13
 -15,   8,  13
 -15,   8,  12
 -15,   9,  12
 -14,   9,  12
 -13,   9,  12
 -13,   8,  12
 -13,   8,  11
 -13,   9,  11
 -13,  10,  11
 -12,  10,  11
 -12,   9,  11
 -11,   9,  11
 -11,  10,  11
 -11,  11,  11
 -12,  11,  11
 -13,  11,  11
 -13,  12,  11
 -14,  12,  11
 -15,  12,  11
 -16,  12,  11
 -17,  12,  11
 -17,  12,  10
 -16,  12,  10
 -16,  12,   9
 -15,  12,   9
 -15,  11,   9
 -15,  10,   9
 -15,   9,   9
 -15,   8,   9
 -15,   8,   8
 -15,   9,   8
 -15,  10,   8
 -16,  10,   8
 -16,  10,   9
 -16,  11,   9
 -17,  11,   9
 -18,  11,   9
 -18,  11,   8
 -19,  11,   8
 -19,  11,   7
 -19,  11,   6
 -20,  11,   6
 -21,  11,   6
 -22,  11,   6
 -22,  10,   6
 -23,  10,   6
 -23,   9,   6
 -23,   9,   5
 -23,   9,   4
 -23,  10,   4
 -24,  10,   4
 -24,  10,   3
 -24,  10,   2
 -24,  10,   1
 -24,  11,   1
 -24,  11,   0
 -24,  10,   0
 -25,  10,   0
 -25,  10,   1
 -25,  10,   2
 -25,   9,   2
 -25,   9,   1
 -24,   9,   1
 -24,   8,   1
 -23,   8,   1
 -23,   8,   0
 -22,   8,   0
 -22,   8,  -1
 -21,   8,  -1
 -21,   7,  -1
 -20,   7,  -1
 -20,   8,  -1
 -19,   8,  -1
 -18,   8,  -1
 -18,   8,   0
 -18,   7,   0
 -18,   7,  -1
 -17,   7,  -1
 -17,   8,  -1
 -17,   9,  -1
 -17,   9,  -2
 -17,  10,  -2
 -17,  10,  -3
 -18,  10,  -3
 -18,  10,  -4
 -18,  10,  -5
 -18,  10,  -6
 -18,   9,  -6
 -19,   9,  -6
 -19,   9,  -5
 -19,   9,  -4
 -20,   9,  -4
 -20,  10,  -4
 -20,  10,  -5
 -20,  10,  -6
 -21,  10,  -6
 -21,   9,  -6
 -21,   8,  -6
 -21,   8,  -7
 -21,   8,  -8
 -21,   8,  -9
 -22,   8,  -9
 -23,   8,  -9
 -24,   8,  -9
 -24,   7,  -9
 -23,   7,  -9
 -23,   7,  -8
 -24,   7,  -8
 -24,   8,  -8
 -24,   9,  -8
 -24,   9,  -7
 -25,   9,  -7
 -26,   9,  -7
 -26,   9,  -8
 -26,  10,  -8
 -25,  10,  -8
 -25,  10,  -9
 -24,  10,  -9
 -24,   9,  -9
 -24,   9, -10
 -24,   9, -11
 -25,   9, -11
 -25,  10, -11
 -25,  10, -12
 -24,  10, -12
 -24,  11, -12
 -23,  11, -12
 -23,  11, -11
 -23,  11, -10
 -23,  10, -10
 -23,  10,  -9
 -22,  10,  -9
 -22,  10, -10
 -22,  11, -10
 -22,  11, -11
 -21,  11, -11
 -21,  11, -12
 -21,  10, -12
 -21,  10, -13
 -21,   9, -13
 -21,   9, -14
 -21,   9, -15
 -21,   8, -15
 -21,   8, -16
 -21,   8, -17
 -20,   8, -17
 -20,   8, -16
 -20,   9, -16
 -20,   9, -17
 -19,   9, -17
 -19,   8, -17
 -19,   8, -16
 -18,   8, -16
 -18,   7, -16
 -19,   7, -16
 -19,   7, -17
 -19,   6, -17
 -19,   6, -18
 -20,   6, -18
 -21,   6, -18
 -21,   6, -17
 -21,   6, -16
 -22,   6, -16
 -22,   7, -16
 -23,   7, -16
 -23,   7, -15
 -23,   7, -14
 -24,   7, -14
 -24,   7, -15
 -24,   6, -15
 -24,   6, -16
 -24,   5, -16
 -24,   5, -17
 -24,   4, -17
 -25,   4, -17
 -25,   3, -17
 -25,   3, -18
 -25,   2, -18
 -25,   2, -17
 -25,   1, -17
 -26,   1, -17
 -26,   1, -18
 -25,   1, -18
 -25,   0, -18
 -25,   0, -19
 -25,  -1, -19
 -24,  -1, -19
 -24,   0, -19
 -24,   1, -19
 -24,   2, -19
 -24,   2, -20
 -24,   3, -20
 -24,   4, -20
 -24,   4, -21
 -24,   3, -21
 -24,   3, -22
 -24,   3, -23
 -23,   3, -23
 -23,   2, -23
 -24,   2, -23
 -24,   2, -22
 -24,   2, -21
 -25,   2, -21
 -26,   2, -21
 -27,   2, -21
 -27,   2, -20
 -27,   3, -20
 -27,   3, -19
 -28,   3, -19
 -28,   3, -20
 -28,   3, -21
 -28,   3, -22
 -27,   3, -22
 -27,   4, -22
 -28,   4, -22
 -28,   4, -23
 -29,   4, -23
 -29,   4, -22
 -29,   5, -22
 -29,   6, -22
 -29,   6, -23
 -29,   6, -24
 -28,   6, -24
 -28,   7, -24
 -28,   7, -25
 -27,   7, -25
 -27,   7, -26
 -27,   7, -27
 -27,   7, -28
 -27,   8, -28
 -28,   8, -28
 -28,   8, -27
 -29,   8, -27
 -29,   7, -27
 -30,   7, -27
 -30,   7, -28
 -30,   8, -28
 -31,   8, -28
 -31,   8, -27
 -31,   9, -27
 -31,   9, -28
 -31,   9, -29
 -31,  10, -29
 -31,  11, -29
 -31,  12, -29
 -31,  12, -28
 -31,  13, -28
 -30,  13, -28
 -30,  14, -28
 -31,  14, -28
 -31,  14, -29
 -31,  15, -29
 -30,  15, -29
 -30,  15, -28
 -31,  15, -28
 -31,  16, -28
 -32,  16, -28
 -33,  16, -28
 -33,  16, -27
 -34,  16, -27
 -35,  16, -27
 -35,  17, -27
 -36,  17, -27
 -36,  17, -28
 -36,  16, -28
 -37,  16, -28
 -38,  16, -28
 -38,  17, -28
 -38,  18, -28
 -38,  18, -27
 -38,  18, -26
 -38,  18, -25
 -37,  18, -25
 -37,  18, -26
 -36,  18, -26
 -36,  18, -25
 -35,  18, -25
 -35,  19, -25
 -34,  19, -25
 -34,  19, -26
 -33,  19, -26
 -32,  19, -26
 -31,  19, -26
 -31,  19, -27
 -30,  19, -27
 -29,  19, -27
 -29,  19, -28
 -29,  20, -28
 -29,  20, -27
 -29,  20, -26
 -29,  20, -25
 -29,  21, -25
 -28,  21, -25
 -28,  22, -25
 -28,  22, -24
 -28,  21, -24
 -29,  21, -24
 -29,  21, -23
 -30,  21, -23
 -30,  21, -22
 -30,  20, -22
 -31,  20, -22
 -32,  20, -22
 -32,  19, -22
 -32,  19, -21
 -32,  18, -21
 -32,  18, -20
 -32,  18, -19
 -32,  18, -18
 -31,  18, -18
 -31,  17, -18
 -30,  17, -18
 -30,  17, -19
 -30,  17, -20
 -29,  17, -20
 -29,  17, -21
 -29,  18, -21
 -28,  18, -21
 -28,  18, -20
 -28,  19, -20
 -27,  19, -20
 -26,  19, -20
 -26,  20, -20
 -26,  21, -20
 -25,  21, -20
 -25,  20, -20
 -25,  19, -20
 -25,  19, -21
 -24,  19, -21
 -24,  20, -21
 -24,  21, -21
 -24,  22, -21
 -24,  22, -20
 -24,  22, -19
 -24,  23, -19
 -24,  23, -18
 -24,  24, -18
 -23,  24, -18
 -22,  24, -18
 -22,  24, -17
 -22,  24, -16
 -22,  23, -16
 -21,  23, -16
 -21,  23, -17
 -21,  22, -17
 -21,  22, -18
 -21,  22, -19
 -21,  21, -19
 -21,  21, -20
 -21,  22, -20
 -22,  22, -20
 -22,  21, -20
 -22,  21, -19
 -22,  20, -19
 -22,  20, -20
 -22,  20, -21
 -23,  20, -21
 -23,  19, -21
 -23,  19, -22
 -23,  18, -22
 -22,  18, -22
 -21,  18, -22
 -21,  17, -22
 -21,  17, -21
 -21,  16, -21
 -22,  16, -21
 -22,  16, -20
 -22,  15, -20
 -22,  15, -19
 -22,  16, -19
 -22,  16, -18
 -21,  16, -18
 -21,  17, -18
 -20,  17, -18
 -19,  17, -18
 -19,  17, -17
 -18,  17, -17
 -17,  17, -17
 -16,  17, -17
 -15,  17, -17
 -14,  17, -17
 -14,  16, -17
 -13,  16, -17
 -13,  15, -17
 -14,  15, -17
 -15,  15, -17
 -15,  14, -17
 -15,  13, -17
 -15,  13, -18
 -16,  13, -18
 -16,  12, -18
 -15,  12, -18
 -15,  11, -18
 -15,  10, -18
 -15,  10, -17
 -15,   9, -17
 -15,   9, -18
 -15,   8, -18
 -16,   8, -18
 -16,   8, -17
 -17,   8, -17
 -17,   7, -17
 -17,   7, -16
 -17,   7, -15
 -17,   8, -15
 -17,   8, -14
 -16,   8, -14
 -16,   8, -13
 -15,   8, -13
 -15,   8, -12
 -15,   8, -11
 -15,   7, -11
 -15,   7, -10
 -15,   7,  -9
 -15,   7,  -8
 -14,   7,  -8
 -14,   7,  -7
 -14,   7,  -6
 -14,   8,  -6
 -14,   8,  -5
 -14,   9,  -5
 -13,   9,  -5
 -13,  10,  -5
 -13,  10,  -6
 -12,  10,  -6
 -12,  10,  -7
 -12,  11,  -7
 -12,  12,  -7
 -12,  12,  -8
 -12,  13,  -8
 -12,  14,  -8
 -12,  14,  -9
 -13,  14,  -9
 -13,  15,  -9
 -13,  16,  -9
 -14,  16,  -9
 -14,  16, -10
 -13,  16, -10
 -13,  17, -10
 -13,  17, -11
 -13,  18, -11
 -13,  18, -12
 -13,  17, -12
 -12,  17, -12
 -12,  16, -12
 -12,  16, -13
 -12,  16, -14
 -12,  15, -14
 -12,  14, -14
 -12,  14, -15
 -12,  15, -15
 -12,  15, -16
 -12,  15, -17
 -11,  15, -17
 -10,  15, -17
 -10,  15, -16
 -10,  15, -15
 -10,  14, -15
 -10,  14, -14
  -9,  14, -14
  -8,  14, -14
  -8,  14, -15
  -8,  13, -15
  -8,  13, -16
  -8,  14, -16
  -7,  14, -16
  -7,  15, -16
  -7,  16, -16
  -7,  16, -17
  -8,  16, -17
  -8,  16, -18
  -8,  17, -18
  -9,  17, -18
  -9,  17, -19
  -9,  16, -19
  -9,  16, -20
  -9,  17, -20
  -8,  17, -20
  -7,  17, -20
  -7,  17, -21
  -7,  18, -21
  -7,  19, -21
  -7,  19, -20
  -7,  20, -20
  -7,  21, -20
  -7,  21, -21
  -7,  22, -21
  -6,  22, -21
  -6,  23, -21
  -6,  23, -22
  -6,  24, -22
  -7,  24, -22
  -7,  24, -21
  -6,  24, -21
  -5,  24, -21
  -4,  24, -21
  -3,  24, -21
  -2,  24, -21
  -2,  23, -21
  -2,  23, -22
  -2,  24, -22
  -1,  24, -22
  -1,  23, -22
  -1,  23, -23
  -1,  22, -23
   0,  22, -23
   0,  21, -23
   0,  21, -22
   0,  21, -21
  -1,  21, -21
  -1,  20, -21
  -1,  20, -20
  -1,  20, -19
  -1,  20, -18
  -1,  20, -17
  -1,  20, -16
   0,  20, -16
   0,  20, -15
   0,  20, -14
   1,  20, -14
   2,  20, -14
   2,  20, -13
   3,  20, -13
   4,  20, -13
   4,  20, -12
   5,  20, -12
   5,  20, -13
   6,  20, -13
   6,  19, -13
   6,  18, -13
   5,  18, -13
   5,  17, -13
   4,  17, -13
   3,  17, -13
   3,  16, -13
   2,  16, -13
   2,  15, -13
   1,  15, -13
   1,  14, -13
   0,  14, -13
   0,  14, -14
   0,  13, -14
   0,  13, -15
  -1,  13, -15
  -2,  13, -15
  -3,  13, -15
  -3,  13, -16
  -4,  13, -16
  -4,  14, -16
  -5,  14, -16
  -6,  14, -16
  -6,  15, -16
  -5,  15, -16
  -4,  15, -16
  -3,  15, -16
  -3,  16, -16
  -3,  16, -15
  -3,  16, -14
  -3,  17, -14
  -4,  17, -14
  -4,  17, -15
  -4,  16, -15
  -4,  16, -16
  -4,  17, -16
  -4,  17, -17
  -3,  17, -17
  -2,  17, -17
  -2,  18, -17
  -3,  18, -17
  -3,  18, -16
  -2,  18, -16
  -1,  18, -16
  -1,  17, -16
   0,  17, -16
   0,  16, -16
   1,  16, -16
   1,  15, -16
   0,  15, -16
   0,  14, -16
   0,  13, -16
   0,  13, -17
   0,  12, -17
   0,  12, -18
  -1,  12, -18
  -1,  11, -18
  -1,  11, -17
  -1,  11, -16
  -1,  10, -16
  -1,   9, -16
   0,   9, -16
   0,   9, -17
   0,   9, -18
   0,   9, -19
   0,   9, -20
   1,   9, -20
   1,   9, -21
   2,   9, -21
   2,   8, -21
   2,   8, -20
   1,   8, -20
   1,   8, -21
   1,   7, -21
   1,   6, -21
   0,   6, -21
   0,   6, -20
   0,   6, -19
  -1,   6, -19
  -1,   5, -19
  -1,   5, -18
   0,   5, -18
   0,   6, -18
   1,   6, -18
   1,   6, -19
   2,   6, -19
   2,   6, -20
   3,   6, -20
   3,   6, -19
   4,   6, -19
   5,   6, -19
   5,   7, -19
   5,   7, -18
   6,   7, -18
   6,   7, -17
   6,   7, -16
   6,   6, -16
   7,   6, -16
   7,   7, -16
   8,   7, -16
   8,   8, -16
   8,   8, -15
   9,   8, -15
   9,   8, -14
   8,   8, -14
   8,   8, -13
   9,   8, -13
  10,   8, -13
  10,   9, -13
  11,   9, -13
  11,   9, -12
  11,   8, -12
  12,   8, -12
  12,   7, -12
  13,   7, -12
  14,   7, -12
  14,   6, -12
  14,   5, -12
  14,   5, -11
  14,   5, -10
  15,   5, -10
  15,   4, -10
  15,   4,  -9
  16,   4,  -9
  16,   5,  -9
  16,   5,  -8
  16,   4,  -8
  17,   4,  -8
  17,   4,  -7
  17,   5,  -7
  17,   5,  -6
  17,   6,  -6
  17,   6,  -5
  17,   7,  -5
  17,   7,  -4
  17,   8,  -4
  17,   8,  -5
  16,   8,  -5
  16,   7,  -5
  16,   7,  -6
  15,   7,  -6
  15,   7,  -5
  15,   7,  -4
  15,   6,  -4
  16,   6,  -4
  16,   6,  -3
  16,   5,  -3
  17,   5,  -3
  18,   5,  -3
  18,   4,  -3
  17,   4,  -3
  17,   4,  -4
  17,   3,  -4
  16,   3,  -4
  16,   3,  -3
  16,   4,  -3
  15,   4,  -3
  15,   3,  -3
  14,   3,  -3
  14,   4,  -3
  14,   5,  -3
  13,   5,  -3
  13,   5,  -2
  12,   5,  -2
  12,   6,  -2
  11,   6,  -2
  11,   7,  -2
  11,   7,  -3
  11,   8,  -3
  12,   8,  -3
  12,   8,  -2
  12,   9,  -2
  12,  10,  -2
  12,  10,  -3
  12,   9,  -3
  12,   9,  -4
  12,  10,  -4
  12,  10,  -5
  13,  10,  -5
  14,  10,  -5
  14,  11,  -5
  14,  11,  -6
  13,  11,  -6
  12,  11,  -6
  12,  10,  -6
  12,  10,  -7
  13,  10,  -7
  13,  10,  -8
  14,  10,  -8
  15,  10,  -8
  15,  10,  -7
  15,  11,  -7
  15,  11,  -8
  16,  11,  -8
  16,  12,  -8
  16,  13,  -8
  16,  13,  -9
  15,  13,  -9
  15,  13,  -8
  14,  13,  -8
  14,  12,  -8
  13,  12,  -8
  13,  12,  -7
  13,  13,  -7
  13,  13,  -6
  12,  13,  -6
  12,  13,  -5
  13,  13,  -5
  14,  13,  -5
  15,  13,  -5
  15,  12,  -5
  16,  12,  -5
  16,  12,  -4
  17,  12,  -4
  18,  12,  -4
  19,  12,  -4
  19,  11,  -4
  19,  11,  -5
  18,  11,  -5
  18,  12,  -5
  17,  12,  -5
  17,  13,  -5
  17,  13,  -6
  16,  13,  -6
  16,  14,  -6
  16,  14,  -5
  16,  14,  -4
  16,  14,  -3
  16,  15,  -3
  16,  16,  -3
  15,  16,  -3
  15,  17,  -3
  15,  17,  -4
  16,  17,  -4
  16,  18,  -4
  16,  19,  -4
  17,  19,  -4
  17,  19,  -5
  17,  20,  -5
  18,  20,  -5
  18,  19,  -5
  18,  18,  -5
  19,  18,  -5
  20,  18,  -5
  20,  18,  -4
  20,  19,  -4
  20,  19,  -3
  20,  20,  -3
  20,  20,  -4
  20,  21,  -4
  20,  21,  -3
  21,  21,  -3
  21,  21,  -2
  21,  22,  -2
  21,  22,  -1
  20,  22,  -1
  20,  23,  -1
  21,  23,  -1
  21,  24,  -1
  21,  24,   0
  21,  25,   0
  20,  25,   0
  19,  25,   0
  19,  24,   0
  19,  23,   0
  19,  23,   1
  19,  22,   1
  19,  22,   2
  20,  22,   2
  20,  23,   2
  21,  23,   2
  21,  23,   3
  21,  23,   4
  21,  22,   4
  20,  22,   4
  19,  22,   4
  19,  22,   3
  19,  21,   3
  19,  21,   4
  20,  21,   4
  21,  21,   4
  21,  20,   4
  22,  20,   4
  22,  20,   5
  22,  19,   5
  21,  19,   5
  20,  19,   5
  20,  18,   5
  21,  18,   5
  22,  18,   5
  23,  18,   5
  23,  17,   5
  23,  16,   5
  23,  16,   6
  22,  16,   6
  22,  15,   6
  22,  15,   7
  22,  14,   7
  22,  14,   8
  21,  14,   8
  20,  14,   8
  20,  13,   8
  19,  13,   8
  19,  12,   8
  19,  11,   8
  19,  11,   9
  20,  11,   9
  20,  11,  10
  20,  10,  10
  20,   9,  10
  20,   8,  10
  20,   8,  11
  20,   7,  11
  21,   7,  11
  21,   6,  11
  22,   6,  11
  22,   5,  11
  22,   4,  11
  23,   4,  11
  23,   3,  11
  23,   2,  11
  23,   1,  11
  22,   1,  11
  22,   1,  12
  22,   2,  12
  21,   2,  12
  21,   3,  12
  20,   3,  12
  19,   3,  12
  19,   4,  12
  19,   5,  12
  18,   5,  12
  18,   6,  12
  19,   6,  12
  19,   7,  12
  19,   8,  12
  18,   8,  12
  17,   8,  12
  17,   9,  12
  17,   9,  11
  16,   9,  11
  16,   9,  10
  16,  10,  10
  17,  10,  10
  17,  10,  11
  17,  11,  11
  17,  11,  12
  17,  12,  12
  18,  12,  12
  19,  12,  12
  20,  12,  12
  20,  12,  13
  20,  11,  13
  21,  11,  13
  22,  11,  13
  22,  10,  13
  22,  10,  14
  23,  10,  14
  23,  10,  15
  23,  10,  16
  24,  10,  16
  24,  10,  17
  24,  10,  18
  24,  10,  19
  25,  10,  19
  25,   9,  19
  25,   9,  20
  24,   9,  20
  24,   9,  21
  24,  10,  21
  23,  10,  21
  22,  10,  21
  22,  10,  22
  22,  10,  23
  21,  10,  23
  21,   9,  23
  21,   9,  22
  21,   8,  22
  21,   8,  21
  20,   8,  21
  20,   9,  21
  20,  10,  21
  20,  11,  21
  19,  11,  21
  19,  11,  20
  18,  11,  20
  18,  11,  19
  17,  11,  19
  17,  12,  19
  17,  12,  18
  16,  12,  18
  16,  13,  18
  15,  13,  18
  15,  13,  19
  15,  14,  19
  15,  14,  18
  14,  14,  18
  14,  14,  17
  13,  14,  17
  12,  14,  17
  12,  13,  17
  12,  13,  16
  12,  12,  16
  12,  12,  17
  12,  11,  17
  13,  11,  17
  14,  11,  17
  14,  11,  18
  14,  10,  18
  14,   9,  18
  15,   9,  18
  15,   9,  19
  16,   9,  19
  16,   8,  19
  17,   8,  19
  17,   8,  20
  16,   8,  20
  16,   7,  20
  16,   7,  21
  15,   7,  21
  15,   7,  22
  15,   8,  22
  14,   8,  22
  13,   8,  22
  13,   8,  21
  12,   8,  21
  12,   8,  22
  12,   9,  22
  12,   9,  23
  11,   9,  23
  10,   9,  23
   9,   9,  23
   8,   9,  23
   8,   9,  22
   9,   9,  22
  10,   9,  22
  10,   8,  22
  10,   8,  23
   9,   8,  23
   8,   8,  23
   8,   8,  22
   7,   8,  22
   7,   7,  22
   6,   7,  22
   6,   7,  21
   7,   7,  21
   7,   7,  20
   7,   6,  20
   7,   5,  20
   8,   5,  20
   9,   5,  20
   9,   6,  20
  10,   6,  20
  10,   6,  21
   9,   6,  21
   8,   6,  21
   8,   5,  21
   7,   5,  21
   6,   5,  21
   6,   4,  21
   6,   4,  22
   5,   4,  22
   5,   4,  23
   5,   5,  23
   4,   5,  23
   4,   5,  22
   4,   4,  22
   3,   4,  22
   3,   3,  22
   3,   3,  23
   4,   3,  23
   4,   3,  24
   5,   3,  24
   5,   3,  25
   4,   3,  25
   4,   3,  26
   4,   3,  27
   3,   3,  27
   3,   3,  28
   2,   3,  28
   2,   3,  29
   2,   2,  29
   2,   2,  28
   3,   2,  28
   3,   2,  29
   3,   1,  29
   4,   1,  29
   4,   0,  29
   5,   0,  29
   5,  -1,  29
   5,  -2,  29
   5,  -3,  29
   4,  -3,  29
   4,  -4,  29
   4,  -5,  29
   4,  -6,  29
   4,  -7,  29
   4,  -8,  29
   4,  -9,  29
   5,  -9,  29
   5, -10,  29
   5, -11,  29
   5, -11,  30
   5, -11,  31
   5, -12,  31
   5, -13,  31
   5, -13,  32
   5, -13,  33
   5, -12,  33
   5, -11,  33
   5, -11,  34
   5, -10,  34
   5,  -9,  34
   5,  -8,  34
   5,  -7,  34
   6,  -7,  34
   6,  -8,  34
   6,  -9,  34
   6,  -9,  33
   6, -10,  33
   6, -11,  33
   6, -12,  33
   6, -12,  32
   6, -13,  32
   6, -13,  31
   6, -12,  31
   6, -11,  31
   6, -10,  31
   6, -10,  30
   6,  -9,  30
   6,  -8,  30
   6,  -7,  30
   6,  -7,  29
   6,  -6,  29
   6,  -6,  28
   6,  -5,  28
   5,  -5,  28
   5,  -4,  28
   5,  -3,  28
   5,  -2,  28
   6,  -2,  28
   6,  -2,  27
   7,  -2,  27
   7,  -2,  26
   7,  -2,  25
   7,  -2,  24
   7,  -1,  24
   8,  -1,  24
   8,  -1,  23
   8,   0,  23
   8,   0,  22
   9,   0,  22
   9,   0,  23
  10,   0,  23
  10,  -1,  23
   9,  -1,  23
   9,  -1,  24
   9,   0,  24
  10,   0,  24
  10,   1,  24
  11,   1,  24
  12,   1,  24
  12,   2,  24
  12,   2,  25
  13,   2,  25
  13,   1,  25
  14,   1,  25
  14,   1,  24
  14,   1,  23
  14,   2,  23
  15,   2,  23
  15,   3,  23
  15,   3,  22
  15,   4,  22
  14,   4,  22
  14,   4,  21
  13,   4,  21
  13,   4,  22
  13,   3,  22
  12,   3,  22
  11,   3,  22
  11,   2,  22
  10,   2,  22
  10,   1,  22
  10,   1,  21
   9,   1,  21
   9,   1,  20
   8,   1,  20
   8,   1,  19
   8,   1,  18
   8,   1,  17
   8,   2,  17
   8,   2,  18
   9,   2,  18
   9,   2,  17
   9,   1,  17
  10,   1,  17
  10,   1,  16
   9,   1,  16
   8,   1,  16
   7,   1,  16
   7,   1,  17
   6,   1,  17
   6,   0,  17
   6,   0,  18
   6,   0,  19
   6,   1,  19
   6,   1,  20
   5,   1,  20
   4,   1,  20
   4,   1,  19
   3,   1,  19
   3,   1,  18
   3,   2,  18
   3,   2,  17
   4,   2,  17
   4,   2,  16
   4,   2,  15
   4,   1,  15
   3,   1,  15
   3,   0,  15
   3,   0,  14
   2,   0,  14
   2,   0,  15
   2,   0,  16
   2,   0,  17
   2,  -1,  17
   1,  -1,  17
   1,  -1,  16
   1,   0,  16
   0,   0,  16
   0,   0,  15
  -1,   0,  15
  -2,   0,  15
  -3,   0,  15
  -3,  -1,  15
  -3,  -1,  16
  -2,  -1,  16
  -2,  -1,  17
  -2,  -1,  18
  -1,  -1,  18
   0,  -1,  18
   0,   0,  18
   0,   0,  19
   0,  -1,  19
   0,  -2,  19
   0,  -2,  20
   0,  -2,  21
   0,  -3,  21
   0,  -3,  20
   1,  -3,  20
   1,  -4,  20
   1,  -5,  20
   1,  -5,  21
   1,  -4,  21
   0,  -4,  21
  -1,  -4,  21
  -1,  -3,  21
  -1,  -3,  20
  -2,  -3,  20
  -2,  -3,  21
  -2,  -2,  21
  -2,  -1,  21
  -3,  -1,  21
  -3,  -1,  20
  -3,   0,  20
  -3,   1,  20
  -3,   1,  19
  -2,   1,  19
  -1,   1,  19
  -1,   2,  19
  -1,   2,  20
  -2,   2,  20
  -2,   3,  20
  -2,   3,  19
  -2,   3,  18
  -3,   3,  18
  -3,   2,  18
  -3,   1,  18
  -3,   1,  17
  -4,   1,  17
  -4,   1,  16
  -5,   1,  16
  -5,   2,  16
  -5,   3,  16
  -5,   4,  16
  -5,   5,  16
  -6,   5,  16
  -7,   5,  16
  -7,   6,  16
  -7,   7,  16
  -7,   7,  17
  -7,   7,  18
  -8,   7,  18
  -8,   7,  17
  -8,   8,  17
  -8,   9,  17
  -8,   9,  16
  -7,   9,  16
  -7,  10,  16
  -6,  10,  16
  -5,  10,  16
  -5,  11,  16
  -5,  12,  16
  -5,  12,  17
  -6,  12,  17
  -6,  13,  17
  -6,  13,  16
  -6,  13,  15
  -5,  13,  15
  -5,  12,  15
  -4,  12,  15
  -4,  11,  15
  -3,  11,  15
  -3,  10,  15
  -3,  10,  16
  -2,  10,  16
  -2,  11,  16
  -2,  11,  17
  -2,  10,  17
  -2,  10,  18
  -2,  10,  19
  -2,  11,  19
  -3,  11,  19
  -3,  10,  19
  -3,  10,  20
  -2,  10,  20
  -2,  10,  21
  -1,  10,  21
  -1,  10,  20
  -1,   9,  20
  -2,   9,  20
  -2,   9,  19
  -2,   8,  19
  -1,   8,  19
  -1,   7,  19
  -1,   7,  20
  -1,   8,  20
   0,   8,  20
   0,   8,  21
  -1,   8,  21
  -1,   9,  21
  -2,   9,  21
  -3,   9,  21
  -3,   9,  22
  -4,   9,  22
  -4,   9,  23
  -3,   9,  23
  -2,   9,  23
  -2,  10,  23
  -2,  10,  22
  -2,  11,  22
  -3,  11,  22
  -3,  11,  21
  -2,  11,  21
  -2,  12,  21
  -2,  12,  20
  -2,  12,  19
  -2,  13,  19
  -2,  13,  20
  -1,  13,  20
  -1,  12,  20
   0,  12,  20
   0,  12,  19
   0,  12,  18
   0,  13,  18
   0,  13,  19
   0,  14,  19
   0,  15,  19
  -1,  15,  19
  -1,  14,  19
  -1,  14,  18
  -1,  15,  18
   0,  15,  18
   1,  15,  18
   1,  14,  18
   1,  13,  18
   2,  13,  18
   2,  13,  17
   3,  13,  17
   3,  13,  18
   3,  14,  18
   3,  15,  18
   3,  16,  18
   4,  16,  18
   4,  17,  18
   4,  17,  19
   5,  17,  19
   5,  18,  19
   5,  19,  19
   5,  19,  18
   5,  20,  18
   4,  20,  18
   4,  21,  18
   4,  22,  18
   4,  22,  17
   5,  22,  17
   5,  22,  16
   4,  22,  16
   3,  22,  16
   3,  21,  16
   4,  21,  16
   4,  21,  15
   4,  22,  15
   4,  23,  15
   4,  23,  14
   4,  23,  13
   4,  24,  13
   5,  24,  13
   5,  24,  14
   5,  24,  15
   5,  25,  15
   5,  25,  14
   5,  25,  13
   4,  25,  13
   4,  25,  14
   3,  25,  14
   3,  24,  14
   3,  23,  14
   3,  23,  13
   3,  22,  13
   4,  22,  13
   4,  22,  12
   4,  21,  12
   4,  21,  11
   4,  21,  10
   4,  20,  10
   5,  20,  10
   5,  21,  10
   5,  21,   9
   6,  21,   9
   7,  21,   9
   7,  21,  10
   7,  21,  11
   8,  21,  11
   8,  21,  12
   8,  22,  12
   8,  22,  11
   8,  22,  10
   9,  22,  10
   9,  21,  10
  10,  21,  10
  10,  20,  10
  10,  20,  11
  10,  19,  11
  10,  19,  10
  10,  18,  10
   9,  18,  10
   9,  18,   9
   8,  18,   9
   8,  18,   8
   8,  18,   7
   8,  19,   7
   7,  19,   7
   6,  19,   7
   5,  19,   7
   4,  19,   7
   3,  19,   7
   3,  19,   8
   2,  19,   8
   1,  19,   8
   1,  20,   8
   0,  20,   8
  -1,  20,   8
  -1,  20,   7
  -2,  20,   7
  -2,  21,   7
  -3,  21,   7
  -3,  20,   7
  -4,  20,   7
  -4,  19,   7
  -4,  18,   7
  -4,  18,   8
  -4,  17,   8
  -4,  17,   9
  -4,  16,   9
  -3,  16,   9
  -3,  15,   9
  -3,  15,   8
  -3,  14,   8
  -3,  13,   8
  -3,  12,   8
  -3,  11,   8
  -3,  10,   8
  -4,  10,   8
  -4,  10,   9
  -4,   9,   9
  -4,   8,   9
  -3,   8,   9
  -3,   8,   8
  -3,   7,   8
  -3,   6,   8
  -3,   6,   9
  -3,   6,  10
  -4,   6,  10
  -4,   6,  11
  -5,   6,  11
  -5,   7,  11
  -5,   7,  10
  -5,   8,  10
  -5,   8,  11
  -5,   9,  11
  -4,   9,  11
  -4,  10,  11
  -4,  10,  10
  -4,  11,  10
  -3,  11,  10
  -3,  12,  10
  -3,  13,  10
  -3,  13,  11
  -4,  13,  11
  -5,  13,  11
  -5,  13,  10
  -5,  14,  10
  -5,  14,   9
  -6,  14,   9
  -6,  13,   9
  -6,  13,  10
  -7,  13,  10
  -7,  13,  11
  -7,  12,  11
  -7,  12,  12
  -8,  12,  12
  -8,  12,  13
  -9,  12,  13
  -9,  12,  14
 -10,  12,  14
 -10,  12,  15
 -11,  12,  15
 -11,  12,  16
 -11,  12,  17
 -11,  11,  17
 -12,  11,  17
 -12,  11,  18
 -13,  11,  18
 -14,  11,  18
 -15,  11,  18
 -16,  11,  18
 -17,  11,  18
 -18,  11,  18
 -18,  11,  17
 -19,  11,  17
 -19,  11,  16
 -19,  10,  16
 -19,  10,  15
 -18,  10,  15
 -18,  11,  15
 -18,  11,  16
 -18,  12,  16
 -18,  12,  15
 -18,  13,  15
 -17,  13,  15
 -16,  13,  15
 -16,  13,  16
 -16,  14,  16
 -16,  15,  16
 -17,  15,  16
 -18,  15,  16
 -18,  16,  16
 -17,  16,  16
 -17,  16,  15
 -17,  17,  15
 -17,  18,  15
 -18,  18,  15
 -18,  18,  16
 -19,  18,  16
 -19,  18,  15
 -20,  18,  15
 -20,  19,  15
 -20,  19,  16
 -19,  19,  16
 -19,  20,  16
 -19,  20,  17
 -19,  20,  18
 -19,  19,  18
 -19,  19,  19
 -19,  20,  19
 -18,  20,  19
 -18,  20,  20
 -19,  20,  20
 -19,  20,  21
 -19,  19,  21
 -20,  19,  21
 -20,  19,  22
 -20,  18,  22
 -20,  18,  23
 -20,  17,  23
 -20,  17,  22
 -19,  17,  22
 -19,  17,  21
 -19,  17,  20
 -19,  16,  20
 -20,  16,  20
 -21,  16,  20
 -21,  16,  19
 -21,  15,  19
 -21,  14,  19
 -21,  13,  19
 -21,  13,  20
 -21,  12,  20
 -20,  12,  20
 -20,  11,  20
 -21,  11,  20
 -21,  10,  20
 -21,   9,  20
 -21,   9,  19
 -22,   9,  19
 -22,   9,  20
 -22,   9,  21
 -22,   9,  22
 -21,   9,  22
 -21,   8,  22
 -20,   8,  22
 -20,   7,  22
 -20,   7,  21
 -20,   6,  21
 -19,   6,  21
 -19,   5,  21
 -19,   5,  22
 -19,   4,  22
 -19,   3,  22
 -19,   3,  23
 -19,   2,  23
 -20,   2,  23
 -21,   2,  23
 -21,   3,  23
 -21,   3,  22
 -21,   4,  22
 -21,   4,  23
 -21,   5,  23
 -21,   6,  23
 -21,   6,  24
 -20,   6,  24
 -20,   6,  25
 -20,   6,  26
 -20,   7,  26
 -20,   7,  27
 -20,   8,  27
 -20,   8,  28
 -20,   8,  29
 -20,   9,  29
 -19,   9,  29
 -19,  10,  29
 -19,  11,  29
 -19,  12,  29
 -18,  12,  29
 -17,  12,  29
 -16,  12,  29
 -16,  12,  28
 -16,  13,  28
 -15,  13,  28
 -15,  12,  28
 -15,  12,  29
 -15,  11,  29
 -15,  11,  30
 -16,  11,  30
 -16,  11,  31
 -17,  11,  31
 -17,  10,  31
 -17,  10,  32
 -17,   9,  32
 -17,   9,  31
 -17,   8,  31
 -17,   8,  30
 -16,   8,  30
 -16,   8,  31
 -16,   9,  31
 -16,   9,  32
 -16,   8,  32
 -16,   8,  33
 -16,   8,  34
 -16,   9,  34
 -15,   9,  34
 -15,   8,  34
 -15,   7,  34
 -15,   7,  35
 -14,   7,  35
 -14,   7,  36
 -14,   6,  36
 -15,   6,  36
 -15,   5,  36
 -15,   4,  36
 -16,   4,  36
 -16,   3,  36
 -16,   2,  36
 -17,   2,  36
 -17,   2,  35
 -17,   3,  35
 -17,   4,  35
 -17,   5,  35
 -17,   5,  36
 -17,   6,  36
 -17,   7,  36
 -16,   7,  36
 -16,   8,  36
 -16,   8,  37
 -17,   8,  37
 -18,   8,  37
 -18,   8,  38
 -19,   8,  38
 -19,   7,  38
 -19,   7,  37
 -19,   6,  37
 -20,   6,  37
 -21,   6,  37
 -21,   6,  38
 -21,   5,  38
 -22,   5,  38
 -22,   4,  38
 -22,   3,  38
 -23,   3,  38
 -23,   3,  39
 -23,   2,  39
 -23,   1,  39
 -24,   1,  39
 -24,   0,  39
 -24,  -1,  39
 -25,  -1,  39
 -25,  -1,  38
 -25,   0,  38
 -25,   0,  37
 -25,  -1,  37
 -26,  -1,  37
 -26,  -1,  36
 -26,   0,  36
 -26,   1,  36
 -26,   2,  36
 -26,   2,  35
 -25,   2,  35
 -25,   2,  34
 -25,   3,  34
 -25,   3,  35
 -25,   4,  35
 -25,   5,  35
 -26,   5,  35
 -27,   5,  35
 -27,   6,  35
 -27,   7,  35
 -27,   8,  35
 -27,   9,  35
 -27,  10,  35
 -27,  10,  34
 -26,  10,  34
 -26,  10,  33
 -26,   9,  33
 -26,   8,  33
 -26,   8,  34
 -26,   9,  34
 -27,   9,  34
 -27,   9,  33
 -27,   8,  33
 -28,   8,  33
 -28,   8,  32
 -28,   9,  32
 -29,   9,  32
 -30,   9,  32
 -30,   8,  32
 -29,   8,  32
 -29,   7,  32
 -28,   7,  32
 -28,   6,  32
 -28,   6,  31
 -28,   6,  30
 -28,   7,  30
 -28,   8,  30
 -29,   8,  30
 -29,   9,  30
 -29,   9,  29
 -29,   9,  28
 -30,   9,  28
 -31,   9,  28
 -31,   9,  29
 -31,   8,  29
 -31,   7,  29
 -31,   7,  28
 -31,   7,  27
 -32,   7,  27
 -33,   7,  27
 -33,   7,  28
 -34,   7,  28
 -34,   8,  28
 -34,   8,  27
 -33,   8,  27
 -33,   8,  26
 -33,   9,  26
 -33,   9,  27
 -33,  10,  27
 -32,  10,  27
 -32,   9,  27
 -31,   9,  27
 -31,  10,  27
 -31,  10,  26
 -31,  10,  25
 -31,  10,  24
 -31,  10,  23
 -31,  11,  23
 -31,  12,  23
 -31,  12,  24
 -32,  12,  24
 -32,  12,  25
 -33,  12,  25
 -33,  12,  26
 -33,  13,  26
 -34,  13,  26
 -35,  13,  26
 -35,  13,  25
 -35,  14,  25
 -35,  14,  24
 -35,  14,  23
 -36,  14,  23
 -37,  14,  23
 -37,  14,  22
 -37,  13,  22
 -37,  12,  22
 -37,  11,  22
 -36,  11,  22
 -36,  11,  23
 -36,  10,  23
 -37,  10,  23
 -37,  10,  22
 -37,  10,  21
 -37,  11,  21
 -36,  11,  21
 -36,  12,  21
 -35,  12,  21
 -35,  13,  21
 -35,  13,  20
