     1,     1,    17,   -35,   -12
     2,     1,    17,   -35,   -13
     3,     1,    16,   -35,   -13
     4,     1,    16,   -35,   -14
     5,     1,    16,   -36,   -14
     6,     1,    15,   -36,   -14
     7,     1,    15,   -37,   -14
     8,     1,    15,   -37,   -15
     9,     1,    15,   -38,   -15
    10,     1,    14,   -38,   -15
    11,     1,    14,   -38,   -14
    12,     1,    14,   -38,   -13
    13,     1,    14,   -38,   -12
    14,     1,    14,   -37,   -12
    15,     1,    14,   -37,   -13
    16,     1,    13,   -37,   -13
    17,     1,    13,   -37,   -12
    18,     1,    12,   -37,   -12
    19,     1,    12,   -37,   -13
    20,     1,    12,   -38,   -13
    21,     1,    12,   -38,   -14
    22,     1,    12,   -38,   -15
    23,     1,    11,   -38,   -15
    24,     1,    11,   -38,   -14
    25,     1,    11,   -37,   -14
    26,     1,    11,   -37,   -13
    27,     1,    11,   -38,   -13
    28,     1,    10,   -38,   -13
    29,     1,     9,   -38,   -13
    30,     1,     9,   -38,   -14
    31,     1,     9,   -37,   -14
    32,     1,     9,   -37,   -13
    33,     1,     8,   -37,   -13
    34,     1,     7,   -37,   -13
    35,     1,     7,   -36,   -13
    36,     1,     8,   -36,   -13
    37,     1,     8,   -36,   -12
    38,     1,     9,   -36,   -12
    39,     1,     9,   -36,   -11
    40,     1,     9,   -37,   -11
    41,     1,     8,   -37,   -11
    42,     1,     7,   -37,   -11
    43,     1,     7,   -38,   -11
    44,     1,     7,   -39,   -11
    45,     1,     7,   -39,   -12
    46,     1,     8,   -39,   -12
    47,     1,     8,   -39,   -11
    48,     1,     9,   -39,   -11
    49,     1,     9,   -38,   -11
    50,     1,    10,   -38,   -11
    51,     1,    10,   -38,   -10
    52,     1,    10,   -38,    -9
    53,     1,    10,   -37,    -9
    54,     1,     9,   -37,    -9
    55,     1,     8,   -37,    -9
    56,     1,     8,   -37,    -8
    57,     1,     8,   -38,    -8
    58,     1,     9,   -38,    -8
    59,     1,     9,   -38,    -7
    60,     1,     8,   -38,    -7
    61,     1,     8,   -37,    -7
    62,     1,     8,   -36,    -7
    63,     1,     9,   -36,    -7
    64,     1,    10,   -36,    -7
    65,     1,    10,   -36,    -6
    66,     1,     9,   -36,    -6
    67,     1,     9,   -36,    -5
    68,     1,     9,   -37,    -5
    69,     1,     8,   -37,    -5
    70,     1,     8,   -37,    -6
    71,     1,     8,   -38,    -6
    72,     1,     7,   -38,    -6
    73,     1,     7,   -37,    -6
    74,     1,     6,   -37,    -6
    75,     1,     6,   -36,    -6
    76,     1,     6,   -36,    -5
    77,     1,     6,   -35,    -5
    78,     1,     6,   -34,    -5
    79,     1,     6,   -34,    -6
    80,     1,     6,   -33,    -6
    81,     1,     6,   -32,    -6
    82,     1,     5,   -32,    -6
    83,     1,     4,   -32,    -6
    84,     1,     4,   -31,    -6
    85,     1,     4,   -30,    -6
    86,     1,     4,   -29,    -6
    87,     1,     3,   -29,    -6
    88,     1,     3,   -29,    -7
    89,     1,     3,   -28,    -7
    90,     1,     3,   -28,    -8
    91,     1,     3,   -27,    -8
    92,     1,     4,   -27,    -8
    93,     1,     5,   -27,    -8
    94,     1,     5,   -27,    -9
    95,     1,     5,   -28,    -9
    96,     1,     5,   -28,   -10
    97,     1,     4,   -28,   -10
    98,     1,     4,   -29,   -10
    99,     1,     3,   -29,   -10
   100,     1,     2,   -29,   -10
   101,     1,     2,   -29,    -9
   102,     1,     2,   -30,    -9
   103,     1,     2,   -30,   -10
   104,     1,     2,   -30,   -11
   105,     1,     1,   -30,   -11
   106,     1,     0,   -30,   -11
   107,     1,     0,   -29,   -11
   108,     1,     0,   -29,   -12
   109,     1,     1,   -29,   -12
   110,     1,     1,   -29,   -13
   111,     1,     0,   -29,   -13
   112,     1,     0,   -30,   -13
   113,     1,     1,   -30,   -13
   114,     1,     1,   -31,   -13
   115,     1,     0,   -31,   -13
   116,     1,    -1,   -31,   -13
   117,     1,    -1,   -31,   -12
   118,     1,    -1,   -31,   -11
   119,     1,    -1,   -30,   -11
   120,     1,    -2,   -30,   -11
   121,     1,    -3,   -30,   -11
   122,     1,    -3,   -29,   -11
   123,     1,    -3,   -29,   -10
   124,     1,    -3,   -28,   -10
   125,     1,    -2,   -28,   -10
   126,     1,    -2,   -28,    -9
   127,     1,    -2,   -27,    -9
   128,     1,    -2,   -26,    -9
   129,     1,    -3,   -26,    -9
   130,     1,    -4,   -26,    -9
   131,     1,    -4,   -27,    -9
   132,     1,    -4,   -27,    -8
   133,     1,    -5,   -27,    -8
   134,     1,    -5,   -26,    -8
   135,     1,    -5,   -26,    -7
   136,     1,    -4,   -26,    -7
   137,     1,    -4,   -25,    -7
   138,     1,    -4,   -24,    -7
   139,     1,    -4,   -24,    -8
   140,     1,    -5,   -24,    -8
   141,     1,    -5,   -24,    -7
   142,     1,    -5,   -24,    -6
   143,     1,    -5,   -23,    -6
   144,     1,    -4,   -23,    -6
   145,     1,    -3,   -23,    -6
   146,     1,    -3,   -23,    -5
   147,     1,    -2,   -23,    -5
   148,     1,    -2,   -24,    -5
   149,     1,    -2,   -24,    -6
   150,     1,    -2,   -24,    -7
   151,     1,    -2,   -24,    -8
   152,     1,    -2,   -24,    -9
   153,     1,    -1,   -24,    -9
   154,     1,    -1,   -25,    -9
   155,     1,     0,   -25,    -9
   156,     1,     0,   -25,   -10
   157,     1,     0,   -24,   -10
   158,     1,     0,   -23,   -10
   159,     1,     0,   -22,   -10
   160,     1,     0,   -22,   -11
   161,     1,     1,   -22,   -11
   162,     1,     2,   -22,   -11
   163,     1,     2,   -23,   -11
   164,     1,     3,   -23,   -11
   165,     1,     3,   -23,   -10
   166,     1,     2,   -23,   -10
   167,     1,     2,   -23,    -9
   168,     1,     3,   -23,    -9
   169,     1,     3,   -22,    -9
   170,     1,     3,   -21,    -9
   171,     1,     2,   -21,    -9
   172,     1,     2,   -20,    -9
   173,     1,     1,   -20,    -9
   174,     1,     1,   -20,    -8
   175,     1,     1,   -20,    -7
   176,     1,     0,   -20,    -7
   177,     1,    -1,   -20,    -7
   178,     1,    -1,   -21,    -7
   179,     1,    -1,   -22,    -7
   180,     1,    -2,   -22,    -7
   181,     1,    -3,   -22,    -7
   182,     1,    -4,   -22,    -7
   183,     1,    -4,   -22,    -8
   184,     1,    -4,   -23,    -8
   185,     1,    -3,   -23,    -8
   186,     1,    -3,   -23,    -7
   187,     1,    -2,   -23,    -7
   188,     1,    -2,   -23,    -8
   189,     1,    -1,   -23,    -8
   190,     1,     0,   -23,    -8
   191,     1,     0,   -23,    -9
   192,     1,    -1,   -23,    -9
   193,     1,    -1,   -23,   -10
   194,     1,    -1,   -23,   -11
   195,     1,    -2,   -23,   -11
   196,     1,    -3,   -23,   -11
   197,     1,    -3,   -23,   -12
   198,     1,    -3,   -23,   -13
   199,     1,    -3,   -22,   -13
   200,     1,    -3,   -22,   -12
   201,     4,    -3,   -21,   -12
   202,     1,    -2,   -21,   -12
   203,     1,    -2,   -20,   -12
   204,     1,    -2,   -19,   -12
   205,     1,    -2,   -18,   -12
   206,     1,    -1,   -18,   -12
   207,     1,     0,   -18,   -12
   208,     1,     0,   -17,   -12
   209,     1,     0,   -16,   -12
   210,     1,     1,   -16,   -12
   211,     1,     1,   -16,   -11
   212,     1,     1,   -15,   -11
   213,     1,     0,   -15,   -11
   214,     1,     0,   -14,   -11
   215,     1,    -1,   -14,   -11
   216,     1,    -1,   -13,   -11
   217,     1,    -1,   -12,   -11
   218,     1,    -1,   -12,   -12
   219,     1,     0,   -12,   -12
   220,     1,     0,   -12,   -13
   221,     1,     0,   -11,   -13
   222,     1,     0,   -11,   -12
   223,     1,     0,   -11,   -11
   224,     1,     0,   -11,   -10
   225,     1,     1,   -11,   -10
   226,     1,     1,   -11,   -11
   227,     1,     1,   -12,   -11
   228,     1,     2,   -12,   -11
   229,     1,     2,   -12,   -10
   230,     1,     3,   -12,   -10
   231,     1,     3,   -11,   -10
   232,     1,     3,   -11,    -9
   233,     1,     3,   -10,    -9
   234,     1,     4,   -10,    -9
   235,     1,     4,   -10,    -8
   236,     1,     4,   -10,    -7
   237,     1,     4,   -11,    -7
   238,     1,     5,   -11,    -7
   239,     1,     5,   -12,    -7
   240,     1,     6,   -12,    -7
   241,     1,     7,   -12,    -7
   242,     1,     7,   -12,    -8
   243,     1,     8,   -12,    -8
   244,     1,     8,   -12,    -9
   245,     1,     8,   -12,   -10
   246,     1,     7,   -12,   -10
   247,     1,     7,   -11,   -10
   248,     1,     7,   -10,   -10
   249,     1,     8,   -10,   -10
   250,     1,     8,   -10,   -11
   251,     1,     8,    -9,   -11
   252,     1,     8,    -9,   -12
   253,     1,     7,    -9,   -12
   254,     1,     7,   -10,   -12
   255,     1,     6,   -10,   -12
   256,     1,     6,   -11,   -12
   257,     1,     5,   -11,   -12
   258,     1,     5,   -11,   -11
   259,     1,     6,   -11,   -11
   260,     1,     6,   -11,   -10
   261,     1,     5,   -11,   -10
   262,     1,     4,   -11,   -10
   263,     1,     4,   -12,   -10
   264,     1,     5,   -12,   -10
   265,     1,     5,   -13,   -10
   266,     1,     6,   -13,   -10
   267,     1,     6,   -14,   -10
   268,     1,     7,   -14,   -10
   269,     1,     7,   -13,   -10
   270,     1,     8,   -13,   -10
   271,     1,     8,   -13,    -9
   272,     1,     8,   -13,    -8
   273,     1,     7,   -13,    -8
   274,     1,     7,   -14,    -8
   275,     1,     7,   -15,    -8
   276,     1,     6,   -15,    -8
   277,     1,     6,   -16,    -8
   278,     1,     5,   -16,    -8
   279,     1,     5,   -16,    -7
   280,     1,     5,   -17,    -7
   281,     1,     6,   -17,    -7
   282,     1,     6,   -17,    -6
   283,     1,     5,   -17,    -6
   284,     1,     5,   -17,    -5
   285,     1,     5,   -16,    -5
   286,     1,     5,   -16,    -4
   287,     1,     6,   -16,    -4
   288,     1,     6,   -17,    -4
   289,     1,     6,   -18,    -4
   290,     1,     7,   -18,    -4
   291,     1,     7,   -18,    -5
   292,     1,     7,   -18,    -6
   293,     1,     7,   -19,    -6
   294,     1,     7,   -19,    -5
   295,     1,     8,   -19,    -5
   296,     1,     8,   -19,    -6
   297,     1,     8,   -20,    -6
   298,     1,     8,   -21,    -6
   299,     1,     8,   -22,    -6
   300,     1,     8,   -23,    -6
   301,     1,     8,   -24,    -6
   302,     1,     9,   -24,    -6
   303,     1,     9,   -25,    -6
   304,     1,     9,   -26,    -6
   305,     1,     9,   -26,    -5
   306,     1,     9,   -26,    -4
   307,     1,     9,   -27,    -4
   308,     1,     8,   -27,    -4
   309,     1,     8,   -27,    -3
   310,     1,     8,   -26,    -3
   311,     1,     8,   -26,    -2
   312,     1,     7,   -26,    -2
   313,     1,     6,   -26,    -2
   314,     1,     6,   -26,    -1
   315,     1,     7,   -26,    -1
   316,     1,     7,   -25,    -1
   317,     1,     6,   -25,    -1
   318,     1,     6,   -25,     0
   319,     1,     7,   -25,     0
   320,     1,     7,   -24,     0
   321,     1,     7,   -23,     0
   322,     1,     7,   -23,     1
   323,     1,     8,   -23,     1
   324,     1,     8,   -23,     2
   325,     1,     8,   -24,     2
   326,     1,     7,   -24,     2
   327,     1,     7,   -24,     3
   328,     1,     6,   -24,     3
   329,     1,     5,   -24,     3
   330,     1,     5,   -23,     3
   331,     1,     6,   -23,     3
   332,     1,     7,   -23,     3
   333,     1,     8,   -23,     3
   334,     1,     8,   -23,     4
   335,     1,     9,   -23,     4
   336,     1,     9,   -23,     3
   337,     1,     9,   -24,     3
   338,     1,     9,   -24,     4
   339,     1,     8,   -24,     4
   340,     1,     8,   -25,     4
   341,     1,     8,   -26,     4
   342,     1,     7,   -26,     4
   343,     1,     7,   -26,     3
   344,     1,     6,   -26,     3
   345,     1,     6,   -26,     2
   346,     1,     6,   -25,     2
   347,     1,     5,   -25,     2
   348,     1,     5,   -25,     1
   349,     1,     4,   -25,     1
   350,     1,     4,   -24,     1
   351,     1,     4,   -23,     1
   352,     1,     4,   -23,     2
   353,     1,     5,   -23,     2
   354,     1,     5,   -22,     2
   355,     1,     6,   -22,     2
   356,     1,     7,   -22,     2
   357,     1,     7,   -22,     1
   358,     1,     7,   -21,     1
   359,     1,     7,   -21,     0
   360,     1,     7,   -21,    -1
   361,     1,     7,   -21,    -2
   362,     1,     6,   -21,    -2
   363,     1,     6,   -21,    -3
   364,     1,     7,   -21,    -3
   365,     1,     8,   -21,    -3
   366,     1,     8,   -21,    -4
   367,     1,     9,   -21,    -4
   368,     1,    10,   -21,    -4
   369,     1,    10,   -21,    -5
   370,     1,    11,   -21,    -5
   371,     1,    11,   -21,    -6
   372,     1,    12,   -21,    -6
   373,     1,    12,   -22,    -6
   374,     1,    12,   -22,    -5
   375,     1,    12,   -22,    -4
   376,     1,    13,   -22,    -4
   377,     1,    13,   -23,    -4
   378,     1,    13,   -24,    -4
   379,     1,    13,   -25,    -4
   380,     1,    14,   -25,    -4
   381,     1,    14,   -25,    -3
   382,     1,    14,   -26,    -3
   383,     1,    13,   -26,    -3
   384,     1,    13,   -27,    -3
   385,     1,    14,   -27,    -3
   386,     1,    15,   -27,    -3
   387,     1,    15,   -27,    -4
   388,     1,    16,   -27,    -4
   389,     1,    17,   -27,    -4
   390,     1,    18,   -27,    -4
   391,     1,    18,   -26,    -4
   392,     1,    18,   -26,    -3
   393,     1,    18,   -25,    -3
   394,     1,    17,   -25,    -3
   395,     1,    17,   -26,    -3
   396,     1,    17,   -27,    -3
   397,     1,    17,   -27,    -2
   398,     1,    17,   -27,    -1
   399,     1,    17,   -27,     0
   400,     1,    17,   -28,     0
   401,     1,    17,   -28,     1
   402,     1,    18,   -28,     1
   403,     1,    18,   -28,     2
   404,     1,    19,   -28,     2
   405,     1,    19,   -29,     2
   406,     1,    20,   -29,     2
   407,     1,    20,   -30,     2
   408,     1,    20,   -30,     3
   409,     1,    20,   -29,     3
   410,     1,    20,   -29,     4
   411,     1,    19,   -29,     4
   412,     1,    19,   -28,     4
   413,     1,    19,   -28,     5
   414,     1,    19,   -29,     5
   415,     1,    19,   -29,     6
   416,     1,    19,   -28,     6
   417,     1,    19,   -27,     6
   418,     1,    19,   -27,     7
   419,     1,    19,   -26,     7
   420,     1,    18,   -26,     7
   421,     1,    17,   -26,     7
   422,     1,    16,   -26,     7
   423,     1,    16,   -26,     6
   424,     1,    16,   -26,     5
   425,     1,    16,   -26,     4
   426,     1,    15,   -26,     4
   427,     1,    15,   -26,     3
   428,     1,    16,   -26,     3
   429,     1,    16,   -25,     3
   430,     1,    15,   -25,     3
   431,     1,    14,   -25,     3
   432,     1,    14,   -25,     4
   433,     1,    14,   -24,     4
   434,     1,    15,   -24,     4
   435,     1,    15,   -24,     3
   436,     1,    15,   -23,     3
   437,     1,    16,   -23,     3
   438,     1,    16,   -22,     3
   439,     1,    16,   -22,     2
   440,     1,    15,   -22,     2
   441,     1,    15,   -23,     2
   442,     1,    16,   -23,     2
   443,     1,    17,   -23,     2
   444,     1,    18,   -23,     2
   445,     1,    18,   -23,     1
   446,     1,    19,   -23,     1
   447,     1,    20,   -23,     1
   448,     1,    21,   -23,     1
   449,     1,    21,   -23,     2
   450,     1,    22,   -23,     2
   451,     1,    22,   -23,     3
   452,     1,    23,   -23,     3
   453,     1,    23,   -24,     3
   454,     1,    23,   -24,     2
   455,     1,    23,   -25,     2
   456,     1,    22,   -25,     2
   457,     1,    22,   -26,     2
   458,     1,    22,   -26,     3
   459,     1,    22,   -26,     4
   460,     1,    22,   -27,     4
   461,     1,    22,   -27,     5
   462,     1,    21,   -27,     5
   463,     1,    20,   -27,     5
   464,     1,    20,   -28,     5
   465,     1,    20,   -28,     6
   466,     1,    21,   -28,     6
   467,     1,    21,   -29,     6
   468,     1,    22,   -29,     6
   469,     1,    22,   -29,     5
   470,     1,    22,   -30,     5
   471,     1,    23,   -30,     5
   472,     1,    24,   -30,     5
   473,     1,    24,   -30,     6
   474,     1,    24,   -30,     7
   475,     1,    24,   -31,     7
   476,     1,    24,   -32,     7
   477,     1,    24,   -33,     7
   478,     1,    24,   -33,     6
   479,     1,    24,   -33,     5
   480,     1,    24,   -33,     4
   481,     1,    23,   -33,     4
   482,     1,    23,   -34,     4
   483,     1,    22,   -34,     4
   484,     1,    22,   -35,     4
   485,     1,    22,   -36,     4
   486,     1,    21,   -36,     4
   487,     1,    21,   -36,     3
   488,     1,    21,   -37,     3
   489,     1,    20,   -37,     3
   490,     1,    20,   -38,     3
   491,     1,    20,   -38,     4
   492,     1,    19,   -38,     4
   493,     1,    19,   -39,     4
   494,     1,    19,   -39,     3
   495,     1,    19,   -40,     3
   496,     1,    20,   -40,     3
   497,     1,    20,   -40,     4
   498,     1,    20,   -41,     4
   499,     1,    21,   -41,     4
   500,     1,    22,   -41,     4
   501,     2,    22,   -41,     3
   502,     2,    22,   -41,     2
   503,     2,    22,   -40,     2
   504,     2,    22,   -39,     2
   505,     2,    22,   -38,     2
   506,     2,    23,   -38,     2
   507,     2,    23,   -37,     2
   508,     2,    23,   -36,     2
   509,     2,    23,   -36,     3
   510,     2,    22,   -36,     3
   511,     2,    22,   -35,     3
   512,     2,    21,   -35,     3
   513,     2,    21,   -34,     3
   514,     2,    21,   -33,     3
   515,     2,    22,   -33,     3
   516,     2,    22,   -32,     3
   517,     2,    22,   -32,     4
   518,     2,    23,   -32,     4
   519,     2,    23,   -32,     5
   520,     2,    23,   -31,     5
   521,     2,    23,   -31,     6
   522,     2,    24,   -31,     6
   523,     2,    24,   -32,     6
   524,     2,    24,   -32,     5
   525,     2,    25,   -32,     5
   526,     2,    25,   -31,     5
   527,     2,    25,   -30,     5
   528,     2,    26,   -30,     5
   529,     2,    26,   -29,     5
   530,     2,    26,   -29,     6
   531,     2,    25,   -29,     6
   532,     2,    25,   -29,     7
   533,     2,    25,   -28,     7
   534,     2,    26,   -28,     7
   535,     2,    26,   -27,     7
   536,     2,    26,   -26,     7
   537,     2,    26,   -26,     6
   538,     2,    25,   -26,     6
   539,     2,    25,   -26,     5
   540,     2,    24,   -26,     5
   541,     2,    24,   -26,     6
   542,     2,    24,   -27,     6
   543,     2,    24,   -28,     6
   544,     2,    24,   -28,     7
   545,     2,    23,   -28,     7
   546,     2,    23,   -28,     8
   547,     2,    23,   -28,     9
   548,     2,    23,   -29,     9
   549,     2,    23,   -30,     9
   550,     2,    23,   -30,    10
   551,     2,    22,   -30,    10
   552,     2,    22,   -30,    11
   553,     2,    23,   -30,    11
   554,     2,    23,   -31,    11
   555,     2,    23,   -31,    12
   556,     2,    23,   -31,    13
   557,     2,    22,   -31,    13
   558,     2,    22,   -31,    14
   559,     2,    22,   -30,    14
   560,     2,    22,   -30,    15
   561,     2,    22,   -30,    16
   562,     2,    23,   -30,    16
   563,     2,    23,   -30,    17
   564,     2,    23,   -31,    17
   565,     2,    23,   -31,    18
   566,     2,    23,   -32,    18
   567,     2,    22,   -32,    18
   568,     2,    22,   -32,    19
   569,     2,    22,   -33,    19
   570,     2,    21,   -33,    19
   571,     2,    20,   -33,    19
   572,     2,    19,   -33,    19
   573,     2,    19,   -33,    20
   574,     2,    19,   -32,    20
   575,     2,    19,   -32,    19
   576,     2,    20,   -32,    19
   577,     2,    20,   -31,    19
   578,     2,    20,   -30,    19
   579,     2,    20,   -30,    20
   580,     2,    20,   -29,    20
   581,     2,    20,   -28,    20
   582,     2,    20,   -28,    21
   583,     2,    20,   -27,    21
   584,     2,    20,   -26,    21
   585,     2,    20,   -26,    20
   586,     2,    20,   -25,    20
   587,     2,    20,   -25,    21
   588,     2,    21,   -25,    21
   589,     2,    21,   -24,    21
   590,     2,    21,   -24,    20
   591,     2,    21,   -23,    20
   592,     2,    20,   -23,    20
   593,     2,    20,   -22,    20
   594,     2,    20,   -21,    20
   595,     2,    20,   -20,    20
   596,     2,    21,   -20,    20
   597,     2,    21,   -20,    19
   598,     2,    21,   -19,    19
   599,     2,    20,   -19,    19
   600,     2,    20,   -19,    18
   601,     2,    19,   -19,    18
   602,     2,    19,   -18,    18
   603,     2,    20,   -18,    18
   604,     2,    21,   -18,    18
   605,     2,    22,   -18,    18
   606,     2,    22,   -18,    17
   607,     2,    22,   -19,    17
   608,     2,    22,   -20,    17
   609,     2,    23,   -20,    17
   610,     2,    23,   -19,    17
   611,     2,    23,   -19,    18
   612,     2,    23,   -19,    19
   613,     2,    23,   -18,    19
   614,     2,    24,   -18,    19
   615,     2,    24,   -18,    20
   616,     2,    24,   -18,    21
   617,     2,    24,   -17,    21
   618,     2,    23,   -17,    21
   619,     2,    23,   -17,    20
   620,     2,    24,   -17,    20
   621,     2,    24,   -16,    20
   622,     2,    24,   -16,    19
   623,     2,    25,   -16,    19
   624,     2,    25,   -16,    18
   625,     2,    25,   -15,    18
   626,     2,    25,   -15,    17
   627,     2,    25,   -14,    17
   628,     2,    25,   -13,    17
   629,     2,    25,   -13,    16
   630,     2,    25,   -13,    15
   631,     2,    24,   -13,    15
   632,     2,    24,   -12,    15
   633,     2,    23,   -12,    15
   634,     2,    23,   -12,    16
   635,     2,    24,   -12,    16
   636,     2,    24,   -11,    16
   637,     2,    24,   -11,    17
   638,     2,    24,   -10,    17
   639,     2,    24,   -10,    18
   640,     2,    23,   -10,    18
   641,     2,    23,   -10,    17
   642,     2,    22,   -10,    17
   643,     2,    21,   -10,    17
   644,     2,    21,   -10,    18
   645,     2,    21,    -9,    18
   646,     2,    21,    -9,    19
   647,     2,    21,    -8,    19
   648,     2,    21,    -7,    19
   649,     2,    21,    -7,    20
   650,     2,    21,    -6,    20
   651,     2,    21,    -5,    20
   652,     2,    21,    -4,    20
   653,     2,    21,    -3,    20
   654,     2,    21,    -3,    19
   655,     2,    21,    -2,    19
   656,     2,    21,    -1,    19
   657,     2,    21,     0,    19
   658,     2,    21,     1,    19
   659,     2,    21,     1,    18
   660,     2,    22,     1,    18
   661,     2,    22,     0,    18
   662,     2,    22,     0,    17
   663,     2,    22,    -1,    17
   664,     2,    21,    -1,    17
   665,     2,    21,    -2,    17
   666,     2,    21,    -3,    17
   667,     2,    21,    -3,    18
   668,     2,    21,    -4,    18
   669,     2,    21,    -4,    19
   670,     2,    21,    -5,    19
   671,     2,    21,    -6,    19
   672,     2,    21,    -6,    18
   673,     2,    21,    -7,    18
   674,     2,    20,    -7,    18
   675,     2,    20,    -7,    17
   676,     2,    20,    -6,    17
   677,     2,    20,    -6,    16
   678,     2,    20,    -7,    16
   679,     2,    20,    -8,    16
   680,     2,    20,    -8,    15
   681,     2,    20,    -9,    15
   682,     2,    21,    -9,    15
   683,     2,    21,    -8,    15
   684,     2,    21,    -8,    14
   685,     2,    21,    -7,    14
   686,     2,    21,    -7,    13
   687,     2,    21,    -8,    13
   688,     2,    21,    -8,    12
   689,     2,    20,    -8,    12
   690,     2,    20,    -8,    11
   691,     2,    20,    -7,    11
   692,     2,    20,    -7,    10
   693,     2,    20,    -7,     9
   694,     2,    20,    -6,     9
   695,     2,    20,    -6,     8
   696,     2,    19,    -6,     8
   697,     2,    19,    -7,     8
   698,     2,    18,    -7,     8
   699,     2,    18,    -7,     7
   700,     2,    18,    -6,     7
   701,     1,    19,    -6,     7
   702,     1,    19,    -6,     6
   703,     1,    19,    -5,     6
   704,     1,    19,    -4,     6
   705,     1,    19,    -4,     5
   706,     1,    18,    -4,     5
   707,     1,    18,    -3,     5
   708,     1,    17,    -3,     5
   709,     1,    17,    -2,     5
   710,     1,    17,    -2,     4
   711,     1,    17,    -1,     4
   712,     1,    17,    -1,     3
   713,     1,    16,    -1,     3
   714,     1,    16,    -2,     3
   715,     1,    16,    -2,     2
   716,     1,    16,    -3,     2
   717,     1,    15,    -3,     2
   718,     1,    15,    -3,     3
   719,     1,    14,    -3,     3
   720,     1,    14,    -3,     4
   721,     1,    13,    -3,     4
   722,     1,    13,    -4,     4
   723,     1,    14,    -4,     4
   724,     1,    15,    -4,     4
   725,     1,    15,    -4,     5
   726,     1,    15,    -5,     5
   727,     1,    15,    -5,     6
   728,     1,    15,    -6,     6
   729,     1,    15,    -6,     5
   730,     1,    15,    -7,     5
   731,     1,    15,    -7,     4
   732,     1,    16,    -7,     4
   733,     1,    17,    -7,     4
   734,     1,    17,    -7,     5
   735,     1,    17,    -8,     5
   736,     1,    17,    -8,     4
   737,     1,    16,    -8,     4
   738,     1,    16,    -9,     4
   739,     1,    16,    -9,     3
   740,     1,    16,    -9,     2
   741,     1,    15,    -9,     2
   742,     1,    15,   -10,     2
   743,     1,    15,   -10,     1
   744,     1,    15,    -9,     1
   745,     1,    15,    -8,     1
   746,     1,    14,    -8,     1
   747,     1,    14,    -7,     1
   748,     1,    13,    -7,     1
   749,     1,    13,    -6,     1
   750,     1,    13,    -5,     1
   751,     1,    14,    -5,     1
   752,     1,    14,    -5,     2
   753,     1,    14,    -6,     2
   754,     1,    14,    -6,     1
   755,     1,    14,    -6,     0
   756,     1,    15,    -6,     0
   757,     1,    15,    -5,     0
   758,     1,    15,    -5,    -1
   759,     1,    16,    -5,    -1
   760,     1,    16,    -6,    -1
   761,     1,    16,    -6,    -2
   762,     1,    15,    -6,    -2
   763,     1,    15,    -6,    -3
   764,     1,    14,    -6,    -3
   765,     1,    14,    -5,    -3
   766,     1,    14,    -5,    -4
   767,     1,    14,    -6,    -4
   768,     1,    15,    -6,    -4
   769,     1,    15,    -7,    -4
   770,     1,    15,    -7,    -5
   771,     1,    16,    -7,    -5
   772,     1,    16,    -7,    -4
   773,     1,    17,    -7,    -4
   774,     1,    17,    -8,    -4
   775,     1,    17,    -9,    -4
   776,     1,    18,    -9,    -4
   777,     1,    18,    -9,    -5
   778,     1,    18,   -10,    -5
   779,     1,    17,   -10,    -5
   780,     1,    17,   -10,    -4
   781,     1,    18,   -10,    -4
   782,     1,    18,   -10,    -3
   783,     1,    18,   -10,    -2
   784,     1,    19,   -10,    -2
   785,     1,    20,   -10,    -2
   786,     1,    20,    -9,    -2
   787,     1,    21,    -9,    -2
   788,     1,    21,    -9,    -3
   789,     1,    21,    -9,    -4
   790,     1,    20,    -9,    -4
   791,     1,    19,    -9,    -4
   792,     1,    19,    -8,    -4
   793,     1,    19,    -8,    -3
   794,     1,    19,    -7,    -3
   795,     1,    19,    -7,    -2
   796,     1,    19,    -6,    -2
   797,     1,    20,    -6,    -2
   798,     1,    20,    -6,    -1
   799,     1,    19,    -6,    -1
   800,     1,    19,    -6,     0
   801,     3,    19,    -6,     1
   802,     3,    19,    -7,     1
   803,     3,    18,    -7,     1
   804,     3,    18,    -8,     1
   805,     3,    18,    -8,     2
   806,     3,    19,    -8,     2
   807,     3,    19,    -8,     1
   808,     3,    20,    -8,     1
   809,     3,    20,    -8,     0
   810,     3,    20,    -8,    -1
   811,     3,    21,    -8,    -1
   812,     3,    21,    -7,    -1
   813,     3,    22,    -7,    -1
   814,     3,    22,    -6,    -1
   815,     3,    22,    -6,    -2
   816,     3,    22,    -5,    -2
   817,     3,    22,    -5,    -3
   818,     3,    22,    -4,    -3
   819,     3,    21,    -4,    -3
   820,     3,    21,    -5,    -3
   821,     3,    21,    -5,    -4
   822,     3,    21,    -4,    -4
   823,     3,    20,    -4,    -4
   824,     3,    20,    -5,    -4
   825,     3,    19,    -5,    -4
   826,     3,    19,    -5,    -3
   827,     3,    18,    -5,    -3
   828,     3,    18,    -4,    -3
   829,     3,    18,    -4,    -4
   830,     3,    17,    -4,    -4
   831,     3,    17,    -4,    -5
   832,     3,    18,    -4,    -5
   833,     3,    18,    -5,    -5
   834,     3,    18,    -5,    -6
   835,     3,    17,    -5,    -6
   836,     3,    17,    -5,    -7
   837,     3,    18,    -5,    -7
   838,     3,    18,    -4,    -7
   839,     3,    19,    -4,    -7
   840,     3,    19,    -3,    -7
   841,     3,    19,    -3,    -6
   842,     3,    19,    -4,    -6
   843,     3,    19,    -4,    -5
   844,     3,    19,    -3,    -5
   845,     3,    19,    -3,    -4
   846,     3,    18,    -3,    -4
   847,     3,    18,    -3,    -3
   848,     3,    18,    -3,    -2
   849,     3,    19,    -3,    -2
   850,     3,    19,    -3,    -3
   851,     3,    19,    -2,    -3
   852,     3,    19,    -2,    -4
   853,     3,    19,    -2,    -5
   854,     3,    19,    -1,    -5
   855,     3,    19,     0,    -5
   856,     3,    18,     0,    -5
   857,     3,    18,     1,    -5
   858,     3,    18,     1,    -6
   859,     3,    19,     1,    -6
   860,     3,    20,     1,    -6
   861,     3,    21,     1,    -6
   862,     3,    22,     1,    -6
   863,     3,    22,     2,    -6
   864,     3,    23,     2,    -6
   865,     3,    23,     2,    -7
   866,     3,    23,     3,    -7
   867,     3,    23,     3,    -6
   868,     3,    23,     3,    -5
   869,     3,    22,     3,    -5
   870,     3,    22,     3,    -4
   871,     3,    22,     3,    -3
   872,     3,    22,     4,    -3
   873,     3,    22,     5,    -3
   874,     3,    21,     5,    -3
   875,     3,    21,     6,    -3
   876,     3,    21,     6,    -2
   877,     3,    21,     6,    -1
   878,     3,    21,     7,    -1
   879,     3,    20,     7,    -1
   880,     3,    20,     7,     0
   881,     3,    20,     8,     0
   882,     3,    20,     8,    -1
   883,     3,    19,     8,    -1
   884,     3,    19,     8,    -2
   885,     3,    18,     8,    -2
   886,     3,    18,     8,    -3
   887,     3,    18,     9,    -3
   888,     3,    18,    10,    -3
   889,     3,    19,    10,    -3
   890,     3,    19,    10,    -4
   891,     3,    18,    10,    -4
   892,     3,    18,     9,    -4
   893,     3,    18,     8,    -4
   894,     3,    17,     8,    -4
   895,     3,    17,     8,    -5
   896,     3,    17,     9,    -5
   897,     3,    17,    10,    -5
   898,     3,    17,    10,    -4
   899,     3,    16,    10,    -4
   900,     3,    16,    11,    -4
   901,     3,    17,    11,    -4
   902,     3,    17,    12,    -4
   903,     3,    17,    12,    -5
   904,     3,    18,    12,    -5
   905,     3,    18,    11,    -5
   906,     3,    19,    11,    -5
   907,     3,    19,    11,    -4
   908,     3,    19,    12,    -4
   909,     3,    20,    12,    -4
   910,     3,    20,    12,    -5
   911,     3,    21,    12,    -5
   912,     3,    21,    12,    -4
   913,     3,    21,    12,    -3
   914,     3,    20,    12,    -3
   915,     3,    20,    11,    -3
   916,     3,    20,    11,    -4
   917,     3,    21,    11,    -4
   918,     3,    22,    11,    -4
   919,     3,    22,    11,    -3
   920,     3,    22,    12,    -3
   921,     3,    22,    12,    -2
   922,     3,    22,    11,    -2
   923,     3,    21,    11,    -2
   924,     3,    21,    10,    -2
   925,     3,    21,     9,    -2
   926,     3,    21,     8,    -2
   927,     3,    22,     8,    -2
   928,     3,    22,     8,    -1
   929,     3,    22,     9,    -1
   930,     3,    22,     9,     0
   931,     3,    22,    10,     0
   932,     3,    21,    10,     0
   933,     3,    21,    11,     0
   934,     3,    22,    11,     0
   935,     3,    22,    12,     0
   936,     3,    23,    12,     0
   937,     3,    23,    13,     0
   938,     3,    23,    14,     0
   939,     3,    23,    15,     0
   940,     3,    23,    15,    -1
   941,     3,    23,    15,    -2
   942,     3,    22,    15,    -2
   943,     3,    22,    14,    -2
   944,     3,    22,    14,    -3
   945,     3,    22,    15,    -3
   946,     3,    21,    15,    -3
   947,     3,    21,    15,    -4
   948,     3,    21,    16,    -4
   949,     3,    22,    16,    -4
   950,     3,    23,    16,    -4
   951,     3,    23,    17,    -4
   952,     3,    22,    17,    -4
   953,     3,    22,    18,    -4
   954,     3,    21,    18,    -4
   955,     3,    21,    18,    -3
   956,     3,    20,    18,    -3
   957,     3,    20,    17,    -3
   958,     3,    20,    16,    -3
   959,     3,    19,    16,    -3
   960,     3,    18,    16,    -3
   961,     3,    18,    17,    -3
   962,     3,    17,    17,    -3
   963,     3,    17,    18,    -3
   964,     3,    16,    18,    -3
   965,     3,    16,    17,    -3
   966,     3,    15,    17,    -3
   967,     3,    15,    16,    -3
   968,     3,    15,    15,    -3
   969,     3,    15,    15,    -4
   970,     3,    14,    15,    -4
   971,     3,    14,    14,    -4
   972,     3,    14,    14,    -5
   973,     3,    14,    14,    -6
   974,     3,    14,    13,    -6
   975,     3,    13,    13,    -6
   976,     3,    12,    13,    -6
   977,     3,    12,    12,    -6
   978,     3,    12,    12,    -5
   979,     3,    12,    12,    -4
   980,     3,    13,    12,    -4
   981,     3,    13,    12,    -3
   982,     3,    13,    12,    -2
   983,     3,    13,    12,    -1
   984,     3,    13,    12,     0
   985,     3,    14,    12,     0
   986,     3,    14,    11,     0
   987,     3,    15,    11,     0
   988,     3,    15,    11,     1
   989,     3,    15,    11,     2
   990,     3,    15,    12,     2
   991,     3,    14,    12,     2
   992,     3,    14,    12,     1
   993,     3,    14,    13,     1
   994,     3,    13,    13,     1
   995,     3,    13,    14,     1
   996,     3,    12,    14,     1
   997,     3,    12,    14,     2
   998,     3,    12,    14,     3
   999,     3,    11,    14,     3
  1000,     3,    11,    15,     3
  1001,     1,    11,    16,     3
  1002,     1,    10,    16,     3
  1003,     1,     9,    16,     3
  1004,     1,     8,    16,     3
  1005,     1,     7,    16,     3
  1006,     1,     7,    16,     4
  1007,     1,     7,    16,     5
  1008,     1,     6,    16,     5
  1009,     1,     5,    16,     5
  1010,     1,     5,    16,     4
  1011,     1,     4,    16,     4
  1012,     1,     4,    16,     5
  1013,     1,     3,    16,     5
  1014,     1,     3,    16,     6
  1015,     1,     2,    16,     6
  1016,     1,     2,    16,     5
  1017,     1,     2,    17,     5
  1018,     1,     2,    18,     5
  1019,     1,     2,    18,     4
  1020,     1,     2,    17,     4
  1021,     1,     3,    17,     4
  1022,     1,     3,    16,     4
  1023,     1,     3,    16,     3
  1024,     1,     4,    16,     3
  1025,     1,     4,    15,     3
  1026,     1,     3,    15,     3
  1027,     1,     3,    14,     3
  1028,     1,     3,    13,     3
  1029,     1,     3,    12,     3
  1030,     1,     3,    12,     2
  1031,     1,     3,    11,     2
  1032,     1,     3,    11,     1
  1033,     1,     4,    11,     1
  1034,     1,     4,    11,     0
  1035,     1,     3,    11,     0
  1036,     1,     3,    11,    -1
  1037,     1,     3,    10,    -1
  1038,     1,     2,    10,    -1
  1039,     1,     1,    10,    -1
  1040,     1,     1,    11,    -1
  1041,     1,     0,    11,    -1
  1042,     1,     0,    10,    -1
  1043,     1,    -1,    10,    -1
  1044,     1,    -1,    10,    -2
  1045,     1,    -2,    10,    -2
  1046,     1,    -2,    11,    -2
  1047,     1,    -1,    11,    -2
  1048,     1,     0,    11,    -2
  1049,     1,     0,    11,    -3
  1050,     1,     0,    12,    -3
  1051,     1,     0,    13,    -3
  1052,     1,     0,    13,    -4
  1053,     1,     0,    13,    -5
  1054,     1,     1,    13,    -5
  1055,     1,     1,    13,    -4
  1056,     1,     2,    13,    -4
  1057,     1,     2,    14,    -4
  1058,     1,     3,    14,    -4
  1059,     1,     3,    15,    -4
  1060,     1,     3,    15,    -3
  1061,     1,     2,    15,    -3
  1062,     1,     2,    15,    -4
  1063,     1,     2,    15,    -5
  1064,     1,     1,    15,    -5
  1065,     1,     1,    16,    -5
  1066,     1,     0,    16,    -5
  1067,     1,     0,    16,    -6
  1068,     1,     0,    15,    -6
  1069,     1,    -1,    15,    -6
  1070,     1,    -1,    15,    -7
  1071,     1,    -1,    15,    -8
  1072,     1,     0,    15,    -8
  1073,     1,     0,    14,    -8
  1074,     1,    -1,    14,    -8
  1075,     1,    -1,    14,    -9
  1076,     1,    -1,    13,    -9
  1077,     1,    -2,    13,    -9
  1078,     1,    -3,    13,    -9
  1079,     1,    -3,    12,    -9
  1080,     1,    -3,    11,    -9
  1081,     1,    -4,    11,    -9
  1082,     1,    -4,    10,    -9
  1083,     1,    -5,    10,    -9
  1084,     1,    -5,    10,    -8
  1085,     1,    -6,    10,    -8
  1086,     1,    -6,    10,    -9
  1087,     1,    -7,    10,    -9
  1088,     1,    -8,    10,    -9
  1089,     1,    -8,    10,    -8
  1090,     1,    -8,    10,    -7
  1091,     1,    -8,     9,    -7
  1092,     1,    -8,     8,    -7
  1093,     1,    -8,     8,    -6
  1094,     1,    -9,     8,    -6
  1095,     1,    -9,     7,    -6
  1096,     1,    -9,     7,    -5
  1097,     1,    -8,     7,    -5
  1098,     1,    -8,     7,    -4
  1099,     1,    -8,     7,    -3
  1100,     1,    -9,     7,    -3
  1101,     2,    -9,     8,    -3
  1102,     2,    -8,     8,    -3
  1103,     2,    -8,     9,    -3
  1104,     2,    -8,     9,    -4
  1105,     2,    -8,     9,    -5
  1106,     2,    -8,     8,    -5
  1107,     2,    -7,     8,    -5
  1108,     2,    -7,     9,    -5
  1109,     2,    -6,     9,    -5
  1110,     2,    -6,     9,    -4
  1111,     2,    -5,     9,    -4
  1112,     2,    -4,     9,    -4
  1113,     2,    -4,     9,    -3
  1114,     2,    -4,     8,    -3
  1115,     2,    -4,     7,    -3
  1116,     2,    -4,     7,    -4
  1117,     2,    -5,     7,    -4
  1118,     2,    -5,     7,    -5
  1119,     2,    -5,     6,    -5
  1120,     2,    -6,     6,    -5
  1121,     2,    -6,     6,    -6
  1122,     2,    -5,     6,    -6
  1123,     2,    -5,     5,    -6
  1124,     2,    -4,     5,    -6
  1125,     2,    -4,     5,    -7
  1126,     2,    -4,     5,    -8
  1127,     2,    -3,     5,    -8
  1128,     2,    -3,     5,    -9
  1129,     2,    -4,     5,    -9
  1130,     2,    -4,     5,   -10
  1131,     2,    -4,     5,   -11
  1132,     2,    -4,     4,   -11
  1133,     2,    -4,     4,   -12
  1134,     2,    -3,     4,   -12
  1135,     2,    -3,     3,   -12
  1136,     2,    -3,     3,   -13
  1137,     2,    -4,     3,   -13
  1138,     2,    -4,     4,   -13
  1139,     2,    -4,     5,   -13
  1140,     2,    -4,     5,   -14
  1141,     2,    -4,     6,   -14
  1142,     2,    -4,     6,   -15
  1143,     2,    -4,     7,   -15
  1144,     2,    -4,     7,   -16
  1145,     2,    -4,     7,   -17
  1146,     2,    -4,     7,   -18
  1147,     2,    -5,     7,   -18
  1148,     2,    -5,     6,   -18
  1149,     2,    -4,     6,   -18
  1150,     2,    -4,     6,   -19
  1151,     2,    -4,     7,   -19
  1152,     2,    -3,     7,   -19
  1153,     2,    -3,     7,   -18
  1154,     2,    -3,     8,   -18
  1155,     2,    -3,     9,   -18
  1156,     2,    -4,     9,   -18
  1157,     2,    -4,    10,   -18
  1158,     2,    -5,    10,   -18
  1159,     2,    -5,    11,   -18
  1160,     2,    -5,    11,   -19
  1161,     2,    -5,    11,   -20
  1162,     2,    -4,    11,   -20
  1163,     2,    -4,    11,   -21
  1164,     2,    -3,    11,   -21
  1165,     2,    -3,    10,   -21
  1166,     2,    -3,    10,   -20
  1167,     2,    -3,     9,   -20
  1168,     2,    -4,     9,   -20
  1169,     2,    -4,    10,   -20
  1170,     2,    -5,    10,   -20
  1171,     2,    -5,    10,   -19
  1172,     2,    -6,    10,   -19
  1173,     2,    -7,    10,   -19
  1174,     2,    -7,    10,   -18
  1175,     2,    -8,    10,   -18
  1176,     2,    -9,    10,   -18
  1177,     2,    -9,    10,   -19
  1178,     2,    -9,     9,   -19
  1179,     2,    -8,     9,   -19
  1180,     2,    -8,     8,   -19
  1181,     2,    -8,     7,   -19
  1182,     2,    -8,     7,   -20
  1183,     2,    -9,     7,   -20
  1184,     2,    -9,     6,   -20
  1185,     2,    -9,     5,   -20
  1186,     2,    -8,     5,   -20
  1187,     2,    -7,     5,   -20
  1188,     2,    -7,     4,   -20
  1189,     2,    -6,     4,   -20
  1190,     2,    -6,     3,   -20
  1191,     2,    -6,     3,   -21
  1192,     2,    -6,     4,   -21
  1193,     2,    -5,     4,   -21
  1194,     2,    -5,     3,   -21
  1195,     2,    -5,     2,   -21
  1196,     2,    -5,     2,   -20
  1197,     2,    -5,     1,   -20
  1198,     2,    -5,     0,   -20
  1199,     2,    -6,     0,   -20
  1200,     2,    -6,    -1,   -20
  1201,     2,    -6,    -2,   -20
  1202,     2,    -5,    -2,   -20
  1203,     2,    -5,    -2,   -21
  1204,     2,    -6,    -2,   -21
  1205,     2,    -6,    -1,   -21
  1206,     2,    -6,    -1,   -22
  1207,     2,    -6,     0,   -22
  1208,     2,    -7,     0,   -22
  1209,     2,    -7,     0,   -23
  1210,     2,    -8,     0,   -23
  1211,     2,    -8,    -1,   -23
  1212,     2,    -9,    -1,   -23
  1213,     2,    -9,    -1,   -22
  1214,     2,    -9,    -1,   -21
  1215,     2,   -10,    -1,   -21
  1216,     2,   -11,    -1,   -21
  1217,     2,   -11,     0,   -21
  1218,     2,   -11,     0,   -20
  1219,     2,   -10,     0,   -20
  1220,     2,   -10,     0,   -19
  1221,     2,   -10,     0,   -18
  1222,     2,    -9,     0,   -18
  1223,     2,    -9,     0,   -17
  1224,     2,    -8,     0,   -17
  1225,     2,    -8,     0,   -16
  1226,     2,    -7,     0,   -16
  1227,     2,    -6,     0,   -16
  1228,     2,    -5,     0,   -16
  1229,     2,    -5,    -1,   -16
  1230,     2,    -5,    -2,   -16
  1231,     2,    -4,    -2,   -16
  1232,     2,    -4,    -3,   -16
  1233,     2,    -4,    -3,   -15
  1234,     2,    -5,    -3,   -15
  1235,     2,    -6,    -3,   -15
  1236,     2,    -6,    -4,   -15
  1237,     2,    -6,    -5,   -15
  1238,     2,    -7,    -5,   -15
  1239,     2,    -7,    -6,   -15
  1240,     2,    -7,    -6,   -16
  1241,     2,    -6,    -6,   -16
  1242,     2,    -5,    -6,   -16
  1243,     2,    -5,    -7,   -16
  1244,     2,    -5,    -7,   -15
  1245,     2,    -5,    -8,   -15
  1246,     2,    -6,    -8,   -15
  1247,     2,    -6,    -8,   -16
  1248,     2,    -7,    -8,   -16
  1249,     2,    -7,    -8,   -15
  1250,     2,    -7,    -9,   -15
  1251,     2,    -7,    -9,   -14
  1252,     2,    -8,    -9,   -14
  1253,     2,    -8,    -9,   -15
  1254,     2,    -8,    -8,   -15
  1255,     2,    -9,    -8,   -15
  1256,     2,    -9,    -9,   -15
  1257,     2,   -10,    -9,   -15
  1258,     2,   -10,   -10,   -15
  1259,     2,   -11,   -10,   -15
  1260,     2,   -12,   -10,   -15
  1261,     2,   -12,   -10,   -14
  1262,     2,   -12,    -9,   -14
  1263,     2,   -12,    -9,   -15
  1264,     2,   -13,    -9,   -15
  1265,     2,   -13,    -8,   -15
  1266,     2,   -12,    -8,   -15
  1267,     2,   -12,    -8,   -14
  1268,     2,   -12,    -8,   -13
  1269,     2,   -12,    -9,   -13
  1270,     2,   -12,    -9,   -12
  1271,     2,   -12,    -9,   -11
  1272,     2,   -12,    -9,   -10
  1273,     2,   -12,    -9,    -9
  1274,     2,   -12,    -9,    -8
  1275,     2,   -12,   -10,    -8
  1276,     2,   -12,   -10,    -9
  1277,     2,   -12,   -10,   -10
  1278,     2,   -12,   -10,   -11
  1279,     2,   -13,   -10,   -11
  1280,     2,   -13,   -10,   -12
  1281,     2,   -13,   -11,   -12
  1282,     2,   -13,   -11,   -13
  1283,     2,   -13,   -12,   -13
  1284,     2,   -13,   -12,   -14
  1285,     2,   -13,   -11,   -14
  1286,     2,   -13,   -10,   -14
  1287,     2,   -13,   -10,   -15
  1288,     2,   -14,   -10,   -15
  1289,     2,   -15,   -10,   -15
  1290,     2,   -16,   -10,   -15
  1291,     2,   -16,    -9,   -15
  1292,     2,   -16,    -9,   -14
  1293,     2,   -17,    -9,   -14
  1294,     2,   -17,    -9,   -13
  1295,     2,   -18,    -9,   -13
  1296,     2,   -18,   -10,   -13
  1297,     2,   -19,   -10,   -13
  1298,     2,   -19,   -11,   -13
  1299,     2,   -20,   -11,   -13
  1300,     2,   -20,   -12,   -13
  1301,     1,   -20,   -12,   -12
  1302,     1,   -19,   -12,   -12
  1303,     1,   -19,   -13,   -12
  1304,     1,   -19,   -13,   -11
  1305,     1,   -19,   -12,   -11
  1306,     1,   -18,   -12,   -11
  1307,     1,   -18,   -11,   -11
  1308,     1,   -17,   -11,   -11
  1309,     1,   -16,   -11,   -11
  1310,     1,   -16,   -10,   -11
  1311,     1,   -16,   -10,   -10
  1312,     1,   -15,   -10,   -10
  1313,     1,   -15,   -10,    -9
  1314,     1,   -16,   -10,    -9
  1315,     1,   -16,   -11,    -9
  1316,     1,   -15,   -11,    -9
  1317,     1,   -15,   -12,    -9
  1318,     1,   -15,   -12,    -8
  1319,     1,   -14,   -12,    -8
  1320,     1,   -14,   -12,    -7
  1321,     1,   -14,   -13,    -7
  1322,     1,   -14,   -13,    -8
  1323,     1,   -14,   -13,    -9
  1324,     1,   -15,   -13,    -9
  1325,     1,   -15,   -14,    -9
  1326,     1,   -15,   -15,    -9
  1327,     1,   -15,   -16,    -9
  1328,     1,   -16,   -16,    -9
  1329,     1,   -16,   -16,   -10
  1330,     1,   -16,   -17,   -10
  1331,     1,   -17,   -17,   -10
  1332,     1,   -17,   -18,   -10
  1333,     1,   -17,   -19,   -10
  1334,     1,   -16,   -19,   -10
  1335,     1,   -15,   -19,   -10
  1336,     1,   -15,   -18,   -10
  1337,     1,   -14,   -18,   -10
  1338,     1,   -14,   -17,   -10
  1339,     1,   -14,   -17,    -9
  1340,     1,   -14,   -18,    -9
  1341,     1,   -14,   -19,    -9
  1342,     1,   -13,   -19,    -9
  1343,     1,   -13,   -19,   -10
  1344,     1,   -13,   -18,   -10
  1345,     1,   -13,   -18,   -11
  1346,     1,   -14,   -18,   -11
  1347,     1,   -14,   -19,   -11
  1348,     1,   -13,   -19,   -11
  1349,     1,   -13,   -20,   -11
  1350,     1,   -12,   -20,   -11
  1351,     1,   -12,   -21,   -11
  1352,     1,   -13,   -21,   -11
  1353,     1,   -13,   -22,   -11
  1354,     1,   -13,   -22,   -12
  1355,     1,   -14,   -22,   -12
  1356,     1,   -14,   -23,   -12
  1357,     1,   -14,   -24,   -12
  1358,     1,   -14,   -25,   -12
  1359,     1,   -14,   -26,   -12
  1360,     1,   -14,   -27,   -12
  1361,     1,   -14,   -28,   -12
  1362,     1,   -14,   -29,   -12
  1363,     1,   -13,   -29,   -12
  1364,     1,   -13,   -29,   -11
  1365,     1,   -13,   -30,   -11
  1366,     1,   -13,   -31,   -11
  1367,     1,   -13,   -31,   -12
  1368,     1,   -13,   -32,   -12
  1369,     1,   -13,   -33,   -12
  1370,     1,   -13,   -33,   -13
  1371,     1,   -13,   -34,   -13
  1372,     1,   -13,   -35,   -13
  1373,     1,   -13,   -35,   -14
  1374,     1,   -13,   -35,   -15
  1375,     1,   -13,   -36,   -15
  1376,     1,   -14,   -36,   -15
  1377,     1,   -14,   -36,   -14
  1378,     1,   -15,   -36,   -14
  1379,     1,   -16,   -36,   -14
  1380,     1,   -16,   -35,   -14
  1381,     1,   -16,   -35,   -15
  1382,     1,   -16,   -36,   -15
  1383,     1,   -16,   -37,   -15
  1384,     1,   -17,   -37,   -15
  1385,     1,   -17,   -37,   -16
  1386,     1,   -17,   -37,   -17
  1387,     1,   -18,   -37,   -17
  1388,     1,   -18,   -36,   -17
  1389,     1,   -17,   -36,   -17
  1390,     1,   -16,   -36,   -17
  1391,     1,   -15,   -36,   -17
  1392,     1,   -15,   -36,   -16
  1393,     1,   -16,   -36,   -16
  1394,     1,   -17,   -36,   -16
  1395,     1,   -17,   -35,   -16
  1396,     1,   -17,   -35,   -17
  1397,     1,   -17,   -34,   -17
  1398,     1,   -17,   -34,   -18
  1399,     1,   -17,   -33,   -18
  1400,     1,   -17,   -33,   -17
  1401,     3,   -16,   -33,   -17
  1402,     3,   -16,   -33,   -16
  1403,     3,   -16,   -34,   -16
  1404,     3,   -15,   -34,   -16
  1405,     3,   -14,   -34,   -16
  1406,     3,   -14,   -34,   -15
  1407,     3,   -14,   -34,   -14
  1408,     3,   -15,   -34,   -14
  1409,     3,   -16,   -34,   -14
  1410,     3,   -16,   -34,   -13
  1411,     3,   -17,   -34,   -13
  1412,     3,   -17,   -35,   -13
  1413,     3,   -17,   -35,   -12
  1414,     3,   -17,   -36,   -12
  1415,     3,   -17,   -37,   -12
  1416,     3,   -17,   -37,   -11
  1417,     3,   -17,   -37,   -10
  1418,     3,   -17,   -38,   -10
  1419,     3,   -18,   -38,   -10
  1420,     3,   -19,   -38,   -10
  1421,     3,   -19,   -39,   -10
  1422,     3,   -19,   -39,    -9
  1423,     3,   -19,   -38,    -9
  1424,     3,   -19,   -38,    -8
  1425,     3,   -19,   -38,    -7
  1426,     3,   -18,   -38,    -7
  1427,     3,   -18,   -39,    -7
  1428,     3,   -18,   -39,    -6
  1429,     3,   -18,   -39,    -5
  1430,     3,   -19,   -39,    -5
  1431,     3,   -19,   -39,    -6
  1432,     3,   -19,   -40,    -6
  1433,     3,   -19,   -40,    -7
  1434,     3,   -18,   -40,    -7
  1435,     3,   -18,   -41,    -7
  1436,     3,   -17,   -41,    -7
  1437,     3,   -17,   -41,    -6
  1438,     3,   -17,   -40,    -6
  1439,     3,   -17,   -40,    -5
  1440,     3,   -17,   -41,    -5
  1441,     3,   -17,   -41,    -4
  1442,     3,   -18,   -41,    -4
  1443,     3,   -18,   -42,    -4
  1444,     3,   -19,   -42,    -4
  1445,     3,   -19,   -42,    -5
  1446,     3,   -19,   -43,    -5
  1447,     3,   -20,   -43,    -5
  1448,     3,   -20,   -43,    -6
  1449,     3,   -20,   -43,    -7
  1450,     3,   -20,   -43,    -8
  1451,     3,   -20,   -43,    -9
  1452,     3,   -20,   -43,   -10
  1453,     3,   -19,   -43,   -10
  1454,     3,   -19,   -43,    -9
  1455,     3,   -19,   -43,    -8
  1456,     3,   -19,   -43,    -7
  1457,     3,   -19,   -44,    -7
  1458,     3,   -19,   -44,    -6
  1459,     3,   -19,   -44,    -5
  1460,     3,   -18,   -44,    -5
  1461,     3,   -17,   -44,    -5
  1462,     3,   -17,   -44,    -4
  1463,     3,   -17,   -43,    -4
  1464,     3,   -16,   -43,    -4
  1465,     3,   -15,   -43,    -4
  1466,     3,   -14,   -43,    -4
  1467,     3,   -13,   -43,    -4
  1468,     3,   -13,   -43,    -5
  1469,     3,   -13,   -42,    -5
  1470,     3,   -12,   -42,    -5
  1471,     3,   -11,   -42,    -5
  1472,     3,   -10,   -42,    -5
  1473,     3,   -10,   -41,    -5
  1474,     3,    -9,   -41,    -5
  1475,     3,    -8,   -41,    -5
  1476,     3,    -8,   -40,    -5
  1477,     3,    -7,   -40,    -5
  1478,     3,    -7,   -41,    -5
  1479,     3,    -7,   -41,    -4
  1480,     3,    -7,   -42,    -4
  1481,     3,    -6,   -42,    -4
  1482,     3,    -6,   -42,    -3
  1483,     3,    -6,   -43,    -3
  1484,     3,    -6,   -43,    -4
  1485,     3,    -6,   -44,    -4
  1486,     3,    -7,   -44,    -4
  1487,     3,    -7,   -44,    -3
  1488,     3,    -7,   -45,    -3
  1489,     3,    -7,   -45,    -2
  1490,     3,    -8,   -45,    -2
  1491,     3,    -8,   -45,    -1
  1492,     3,    -8,   -45,     0
  1493,     3,    -8,   -45,     1
  1494,     3,    -8,   -45,     2
  1495,     3,    -8,   -45,     3
  1496,     3,    -8,   -45,     4
  1497,     3,    -7,   -45,     4
  1498,     3,    -7,   -45,     5
  1499,     3,    -7,   -45,     6
  1500,     3,    -7,   -45,     7
  1501,     3,    -7,   -45,     8
  1502,     3,    -6,   -45,     8
  1503,     3,    -6,   -46,     8
  1504,     3,    -6,   -46,     9
  1505,     3,    -6,   -46,    10
  1506,     3,    -6,   -45,    10
  1507,     3,    -6,   -45,     9
  1508,     3,    -5,   -45,     9
  1509,     3,    -5,   -45,     8
  1510,     3,    -5,   -44,     8
  1511,     3,    -5,   -44,     7
  1512,     3,    -5,   -44,     6
  1513,     3,    -6,   -44,     6
  1514,     3,    -6,   -44,     5
  1515,     3,    -6,   -43,     5
  1516,     3,    -7,   -43,     5
  1517,     3,    -7,   -43,     4
  1518,     3,    -7,   -42,     4
  1519,     3,    -7,   -42,     5
  1520,     3,    -6,   -42,     5
  1521,     3,    -6,   -41,     5
  1522,     3,    -7,   -41,     5
  1523,     3,    -8,   -41,     5
  1524,     3,    -8,   -40,     5
  1525,     3,    -8,   -39,     5
  1526,     3,    -8,   -39,     6
  1527,     3,    -8,   -38,     6
  1528,     3,    -8,   -38,     5
  1529,     3,    -7,   -38,     5
  1530,     3,    -7,   -38,     6
  1531,     3,    -6,   -38,     6
  1532,     3,    -5,   -38,     6
  1533,     3,    -4,   -38,     6
  1534,     3,    -3,   -38,     6
  1535,     3,    -3,   -37,     6
  1536,     3,    -3,   -36,     6
  1537,     3,    -3,   -36,     7
  1538,     3,    -4,   -36,     7
  1539,     3,    -4,   -37,     7
  1540,     3,    -5,   -37,     7
  1541,     3,    -5,   -38,     7
  1542,     3,    -5,   -39,     7
  1543,     3,    -4,   -39,     7
  1544,     3,    -4,   -40,     7
  1545,     3,    -4,   -40,     6
  1546,     3,    -4,   -40,     5
  1547,     3,    -3,   -40,     5
  1548,     3,    -3,   -40,     4
  1549,     3,    -2,   -40,     4
  1550,     3,    -2,   -41,     4
  1551,     3,    -2,   -41,     5
  1552,     3,    -2,   -41,     6
  1553,     3,    -2,   -41,     7
  1554,     3,    -3,   -41,     7
  1555,     3,    -3,   -42,     7
  1556,     3,    -3,   -42,     8
  1557,     3,    -3,   -41,     8
  1558,     3,    -3,   -41,     9
  1559,     3,    -4,   -41,     9
  1560,     3,    -4,   -41,    10
  1561,     3,    -3,   -41,    10
  1562,     3,    -3,   -41,    11
  1563,     3,    -2,   -41,    11
  1564,     3,    -2,   -40,    11
  1565,     3,    -1,   -40,    11
  1566,     3,    -1,   -40,    12
  1567,     3,    -1,   -41,    12
  1568,     3,    -1,   -41,    11
  1569,     3,     0,   -41,    11
  1570,     3,     0,   -40,    11
  1571,     3,     0,   -40,    10
  1572,     3,     0,   -39,    10
  1573,     3,     0,   -39,    11
  1574,     3,     0,   -38,    11
  1575,     3,    -1,   -38,    11
  1576,     3,    -1,   -39,    11
  1577,     3,    -1,   -39,    12
  1578,     3,    -1,   -39,    13
  1579,     3,    -1,   -40,    13
  1580,     3,     0,   -40,    13
  1581,     3,     1,   -40,    13
  1582,     3,     1,   -40,    12
  1583,     3,     1,   -39,    12
  1584,     3,     1,   -39,    11
  1585,     3,     2,   -39,    11
  1586,     3,     2,   -40,    11
  1587,     3,     2,   -40,    10
  1588,     3,     2,   -40,     9
  1589,     3,     1,   -40,     9
  1590,     3,     1,   -39,     9
  1591,     3,     1,   -39,     8
  1592,     3,     1,   -38,     8
  1593,     3,     1,   -37,     8
  1594,     3,     1,   -37,     9
  1595,     3,     1,   -37,    10
  1596,     3,     1,   -37,    11
  1597,     3,     2,   -37,    11
  1598,     3,     2,   -36,    11
  1599,     3,     1,   -36,    11
  1600,     3,     1,   -36,    10
  1601,     1,     1,   -36,     9
  1602,     1,     2,   -36,     9
  1603,     1,     2,   -37,     9
  1604,     1,     3,   -37,     9
  1605,     1,     3,   -36,     9
  1606,     1,     4,   -36,     9
  1607,     1,     5,   -36,     9
  1608,     1,     5,   -35,     9
  1609,     1,     5,   -34,     9
  1610,     1,     6,   -34,     9
  1611,     1,     6,   -34,     8
  1612,     1,     6,   -35,     8
  1613,     1,     7,   -35,     8
  1614,     1,     7,   -35,     9
  1615,     1,     7,   -36,     9
  1616,     1,     7,   -36,    10
  1617,     1,     7,   -36,    11
  1618,     1,     8,   -36,    11
  1619,     1,     8,   -36,    10
  1620,     1,     8,   -35,    10
  1621,     1,     9,   -35,    10
  1622,     1,     9,   -36,    10
  1623,     1,    10,   -36,    10
  1624,     1,    10,   -36,    11
  1625,     1,    10,   -37,    11
  1626,     1,    10,   -38,    11
  1627,     1,    10,   -39,    11
  1628,     1,    10,   -39,    10
  1629,     1,    10,   -38,    10
  1630,     1,     9,   -38,    10
  1631,     1,     9,   -37,    10
  1632,     1,     9,   -37,     9
  1633,     1,    10,   -37,     9
  1634,     1,    10,   -37,     8
  1635,     1,    11,   -37,     8
  1636,     1,    11,   -38,     8
  1637,     1,    11,   -39,     8
  1638,     1,    11,   -40,     8
  1639,     1,    12,   -40,     8
  1640,     1,    12,   -41,     8
  1641,     1,    11,   -41,     8
  1642,     1,    10,   -41,     8
  1643,     1,    10,   -41,     9
  1644,     1,     9,   -41,     9
  1645,     1,     8,   -41,     9
  1646,     1,     8,   -40,     9
  1647,     1,     8,   -40,    10
  1648,     1,     7,   -40,    10
  1649,     1,     6,   -40,    10
  1650,     1,     6,   -39,    10
  1651,     1,     6,   -38,    10
  1652,     1,     6,   -38,     9
  1653,     1,     7,   -38,     9
  1654,     1,     7,   -38,     8
  1655,     1,     7,   -38,     7
  1656,     1,     7,   -39,     7
  1657,     1,     7,   -40,     7
  1658,     1,     7,   -40,     8
  1659,     1,     7,   -41,     8
  1660,     1,     7,   -41,     9
  1661,     1,     7,   -42,     9
  1662,     1,     7,   -42,     8
  1663,     1,     7,   -42,     7
  1664,     1,     8,   -42,     7
  1665,     1,     8,   -42,     6
  1666,     1,     7,   -42,     6
  1667,     1,     7,   -42,     5
  1668,     1,     7,   -42,     4
  1669,     1,     6,   -42,     4
  1670,     1,     6,   -43,     4
  1671,     1,     5,   -43,     4
  1672,     1,     5,   -44,     4
  1673,     1,     5,   -44,     5
  1674,     1,     5,   -44,     6
  1675,     1,     5,   -43,     6
  1676,     1,     5,   -43,     7
  1677,     1,     5,   -42,     7
  1678,     1,     5,   -42,     8
  1679,     1,     5,   -41,     8
  1680,     1,     5,   -41,     7
  1681,     1,     6,   -41,     7
  1682,     1,     6,   -41,     6
  1683,     1,     6,   -41,     5
  1684,     1,     6,   -40,     5
  1685,     1,     7,   -40,     5
  1686,     1,     8,   -40,     5
  1687,     1,     8,   -40,     4
  1688,     1,     9,   -40,     4
  1689,     1,    10,   -40,     4
  1690,     1,    10,   -41,     4
  1691,     1,    10,   -41,     3
  1692,     1,     9,   -41,     3
  1693,     1,     8,   -41,     3
  1694,     1,     8,   -42,     3
  1695,     1,     8,   -43,     3
  1696,     1,     7,   -43,     3
  1697,     1,     6,   -43,     3
  1698,     1,     6,   -43,     2
  1699,     1,     6,   -43,     1
  1700,     1,     6,   -43,     0
  1701,     1,     7,   -43,     0
  1702,     1,     7,   -42,     0
  1703,     1,     7,   -42,     1
  1704,     1,     7,   -41,     1
  1705,     1,     7,   -41,     0
  1706,     1,     6,   -41,     0
  1707,     1,     6,   -41,    -1
  1708,     1,     6,   -40,    -1
  1709,     1,     5,   -40,    -1
  1710,     1,     5,   -39,    -1
  1711,     1,     4,   -39,    -1
  1712,     1,     4,   -38,    -1
  1713,     1,     4,   -38,    -2
  1714,     1,     4,   -37,    -2
  1715,     1,     4,   -37,    -1
  1716,     1,     4,   -37,     0
  1717,     1,     4,   -36,     0
  1718,     1,     4,   -36,     1
  1719,     1,     5,   -36,     1
  1720,     1,     6,   -36,     1
  1721,     1,     6,   -35,     1
  1722,     1,     6,   -35,     0
  1723,     1,     6,   -34,     0
  1724,     1,     6,   -34,    -1
  1725,     1,     6,   -35,    -1
  1726,     1,     5,   -35,    -1
  1727,     1,     5,   -34,    -1
  1728,     1,     4,   -34,    -1
  1729,     1,     4,   -34,    -2
  1730,     1,     3,   -34,    -2
  1731,     1,     2,   -34,    -2
  1732,     1,     2,   -34,    -1
  1733,     1,     2,   -34,     0
  1734,     1,     1,   -34,     0
  1735,     1,     1,   -35,     0
  1736,     1,     2,   -35,     0
  1737,     1,     2,   -35,    -1
  1738,     1,     2,   -35,    -2
  1739,     1,     2,   -36,    -2
  1740,     1,     3,   -36,    -2
  1741,     1,     3,   -37,    -2
  1742,     1,     3,   -38,    -2
  1743,     1,     2,   -38,    -2
  1744,     1,     1,   -38,    -2
  1745,     1,     1,   -38,    -3
  1746,     1,     1,   -37,    -3
  1747,     1,     1,   -37,    -4
  1748,     1,     1,   -36,    -4
  1749,     1,     1,   -35,    -4
  1750,     1,     2,   -35,    -4
  1751,     1,     2,   -34,    -4
  1752,     1,     2,   -34,    -5
  1753,     1,     3,   -34,    -5
  1754,     1,     3,   -34,    -6
  1755,     1,     3,   -33,    -6
  1756,     1,     4,   -33,    -6
  1757,     1,     4,   -34,    -6
  1758,     1,     4,   -34,    -7
  1759,     1,     5,   -34,    -7
  1760,     1,     5,   -33,    -7
  1761,     1,     5,   -32,    -7
  1762,     1,     5,   -32,    -8
  1763,     1,     5,   -32,    -9
  1764,     1,     4,   -32,    -9
  1765,     1,     4,   -32,    -8
  1766,     1,     4,   -32,    -7
  1767,     1,     4,   -31,    -7
  1768,     1,     3,   -31,    -7
  1769,     1,     2,   -31,    -7
  1770,     1,     2,   -30,    -7
  1771,     1,     1,   -30,    -7
  1772,     1,     1,   -31,    -7
  1773,     1,     1,   -32,    -7
  1774,     1,     1,   -33,    -7
  1775,     1,     0,   -33,    -7
  1776,     1,     0,   -33,    -6
  1777,     1,     0,   -32,    -6
  1778,     1,     1,   -32,    -6
  1779,     1,     1,   -33,    -6
  1780,     1,     1,   -33,    -5
  1781,     1,     1,   -34,    -5
  1782,     1,     0,   -34,    -5
  1783,     1,     0,   -35,    -5
  1784,     1,    -1,   -35,    -5
  1785,     1,    -2,   -35,    -5
  1786,     1,    -2,   -34,    -5
  1787,     1,    -2,   -34,    -4
  1788,     1,    -2,   -33,    -4
  1789,     1,    -1,   -33,    -4
  1790,     1,    -1,   -33,    -3
  1791,     1,     0,   -33,    -3
  1792,     1,     0,   -32,    -3
  1793,     1,     0,   -32,    -4
  1794,     1,     1,   -32,    -4
  1795,     1,     1,   -32,    -5
  1796,     1,     0,   -32,    -5
  1797,     1,     0,   -31,    -5
  1798,     1,     0,   -31,    -6
  1799,     1,     1,   -31,    -6
  1800,     5,     1,   -30,    -6
  1801,     1,     0,   -30,    -6
  1802,     1,     0,   -30,    -5
  1803,     1,     0,   -30,    -4
  1804,     1,    -1,   -30,    -4
  1805,     1,    -1,   -29,    -4
  1806,     1,    -2,   -29,    -4
  1807,     1,    -2,   -29,    -3
  1808,     1,    -2,   -28,    -3
  1809,     1,    -3,   -28,    -3
  1810,     1,    -3,   -27,    -3
  1811,     1,    -3,   -27,    -2
  1812,     1,    -3,   -26,    -2
  1813,     1,    -2,   -26,    -2
  1814,     1,    -2,   -26,    -3
  1815,     1,    -1,   -26,    -3
  1816,     1,    -1,   -27,    -3
  1817,     1,     0,   -27,    -3
  1818,     1,     1,   -27,    -3
  1819,     1,     1,   -27,    -4
  1820,     1,     2,   -27,    -4
  1821,     1,     2,   -27,    -5
  1822,     1,     3,   -27,    -5
  1823,     1,     4,   -27,    -5
  1824,     1,     4,   -27,    -6
  1825,     1,     4,   -28,    -6
  1826,     1,     4,   -28,    -5
  1827,     1,     4,   -29,    -5
  1828,     1,     3,   -29,    -5
  1829,     1,     2,   -29,    -5
  1830,     1,     2,   -28,    -5
  1831,     1,     2,   -28,    -6
  1832,     1,     1,   -28,    -6
  1833,     1,     1,   -28,    -7
  1834,     1,     1,   -28,    -8
  1835,     1,     2,   -28,    -8
  1836,     1,     2,   -27,    -8
  1837,     1,     2,   -27,    -7
  1838,     1,     1,   -27,    -7
  1839,     1,     1,   -26,    -7
  1840,     1,     1,   -26,    -8
  1841,     1,     2,   -26,    -8
  1842,     1,     2,   -25,    -8
  1843,     1,     2,   -25,    -9
  1844,     1,     3,   -25,    -9
  1845,     1,     3,   -26,    -9
  1846,     1,     2,   -26,    -9
  1847,     1,     2,   -26,   -10
  1848,     1,     1,   -26,   -10
  1849,     1,     1,   -26,   -11
  1850,     1,     2,   -26,   -11
  1851,     1,     2,   -26,   -12
  1852,     1,     3,   -26,   -12
  1853,     1,     3,   -26,   -13
  1854,     1,     3,   -25,   -13
  1855,     1,     2,   -25,   -13
  1856,     1,     1,   -25,   -13
  1857,     1,     1,   -25,   -14
  1858,     1,     0,   -25,   -14
  1859,     1,     0,   -24,   -14
  1860,     1,     0,   -23,   -14
  1861,     1,     1,   -23,   -14
  1862,     1,     2,   -23,   -14
  1863,     1,     2,   -22,   -14
  1864,     1,     3,   -22,   -14
  1865,     1,     3,   -22,   -15
  1866,     1,     3,   -22,   -16
  1867,     1,     3,   -23,   -16
  1868,     1,     4,   -23,   -16
  1869,     1,     4,   -24,   -16
  1870,     1,     4,   -25,   -16
  1871,     1,     4,   -25,   -17
  1872,     1,     5,   -25,   -17
  1873,     1,     6,   -25,   -17
  1874,     1,     6,   -26,   -17
  1875,     1,     6,   -26,   -16
  1876,     1,     7,   -26,   -16
  1877,     1,     7,   -27,   -16
  1878,     1,     7,   -27,   -17
  1879,     1,     6,   -27,   -17
  1880,     1,     6,   -27,   -18
  1881,     1,     6,   -27,   -19
  1882,     1,     5,   -27,   -19
  1883,     1,     4,   -27,   -19
  1884,     1,     4,   -27,   -18
  1885,     1,     4,   -27,   -17
  1886,     1,     4,   -28,   -17
  1887,     1,     3,   -28,   -17
  1888,     1,     2,   -28,   -17
  1889,     1,     1,   -28,   -17
  1890,     1,     0,   -28,   -17
  1891,     1,    -1,   -28,   -17
  1892,     1,    -2,   -28,   -17
  1893,     1,    -3,   -28,   -17
  1894,     1,    -3,   -28,   -16
  1895,     1,    -4,   -28,   -16
  1896,     1,    -5,   -28,   -16
  1897,     1,    -5,   -28,   -15
  1898,     1,    -6,   -28,   -15
  1899,     1,    -6,   -28,   -14
  1900,     1,    -6,   -29,   -14
  1901,     1,    -7,   -29,   -14
  1902,     1,    -7,   -30,   -14
  1903,     1,    -7,   -31,   -14
  1904,     1,    -6,   -31,   -14
  1905,     1,    -5,   -31,   -14
  1906,     1,    -4,   -31,   -14
  1907,     1,    -3,   -31,   -14
  1908,     1,    -3,   -30,   -14
  1909,     1,    -3,   -29,   -14
  1910,     1,    -2,   -29,   -14
  1911,     1,    -1,   -29,   -14
  1912,     1,     0,   -29,   -14
  1913,     1,     1,   -29,   -14
  1914,     1,     1,   -29,   -15
  1915,     1,     2,   -29,   -15
  1916,     1,     3,   -29,   -15
  1917,     1,     3,   -29,   -16
  1918,     1,     4,   -29,   -16
  1919,     1,     5,   -29,   -16
  1920,     1,     5,   -29,   -17
  1921,     1,     6,   -29,   -17
  1922,     1,     7,   -29,   -17
  1923,     1,     7,   -29,   -18
  1924,     1,     8,   -29,   -18
  1925,     1,     8,   -28,   -18
  1926,     1,     9,   -28,   -18
  1927,     1,    10,   -28,   -18
  1928,     1,    10,   -29,   -18
  1929,     1,    11,   -29,   -18
  1930,     1,    11,   -30,   -18
  1931,     1,    12,   -30,   -18
  1932,     1,    13,   -30,   -18
  1933,     1,    13,   -30,   -19
  1934,     1,    13,   -29,   -19
  1935,     1,    13,   -28,   -19
  1936,     1,    14,   -28,   -19
  1937,     1,    14,   -27,   -19
  1938,     1,    13,   -27,   -19
  1939,     1,    13,   -27,   -18
  1940,     1,    12,   -27,   -18
  1941,     1,    12,   -27,   -17
  1942,     1,    12,   -28,   -17
  1943,     1,    12,   -28,   -16
  1944,     1,    11,   -28,   -16
  1945,     1,    11,   -28,   -15
  1946,     1,    11,   -27,   -15
  1947,     1,    10,   -27,   -15
  1948,     1,    10,   -27,   -16
  1949,     1,    11,   -27,   -16
  1950,     1,    11,   -27,   -17
  1951,     1,    11,   -26,   -17
  1952,     1,    11,   -25,   -17
  1953,     1,    10,   -25,   -17
  1954,     1,    10,   -25,   -16
  1955,     1,    10,   -25,   -15
  1956,     1,    10,   -24,   -15
  1957,     1,    11,   -24,   -15
  1958,     1,    11,   -25,   -15
  1959,     1,    12,   -25,   -15
  1960,     1,    12,   -25,   -14
  1961,     1,    12,   -24,   -14
  1962,     1,    12,   -24,   -13
  1963,     1,    12,   -24,   -12
  1964,     1,    11,   -24,   -12
  1965,     1,    11,   -25,   -12
  1966,     1,    11,   -26,   -12
  1967,     1,    11,   -27,   -12
  1968,     1,    12,   -27,   -12
  1969,     1,    12,   -27,   -11
  1970,     1,    12,   -28,   -11
  1971,     1,    13,   -28,   -11
  1972,     1,    13,   -27,   -11
  1973,     1,    14,   -27,   -11
  1974,     1,    15,   -27,   -11
  1975,     1,    15,   -28,   -11
  1976,     1,    15,   -29,   -11
  1977,     1,    15,   -29,   -12
  1978,     1,    15,   -29,   -13
  1979,     1,    14,   -29,   -13
  1980,     1,    14,   -30,   -13
  1981,     1,    15,   -30,   -13
  1982,     1,    16,   -30,   -13
  1983,     1,    16,   -30,   -12
  1984,     1,    16,   -31,   -12
  1985,     1,    17,   -31,   -12
  1986,     1,    17,   -31,   -11
  1987,     1,    18,   -31,   -11
  1988,     1,    18,   -31,   -10
  1989,     1,    17,   -31,   -10
  1990,     1,    17,   -31,    -9
  1991,     1,    17,   -32,    -9
  1992,     1,    18,   -32,    -9
  1993,     1,    18,   -33,    -9
  1994,     1,    18,   -34,    -9
  1995,     1,    18,   -34,   -10
  1996,     1,    17,   -34,   -10
  1997,     1,    17,   -34,   -11
  1998,     1,    16,   -34,   -11
  1999,     1,    16,   -35,   -11
  2000,     1,    16,   -35,   -12
