     1,     1,    14,   -14,   -12
     2,     1,    14,   -14,   -13
     3,     1,    14,   -14,   -14
     4,     1,    14,   -14,   -15
     5,     1,    14,   -15,   -15
     6,     1,    15,   -15,   -15
     7,     1,    16,   -15,   -15
     8,     1,    17,   -15,   -15
     9,     1,    18,   -15,   -15
    10,     1,    18,   -15,   -16
    11,     1,    18,   -15,   -17
    12,     1,    18,   -15,   -18
    13,     1,    18,   -15,   -19
    14,     1,    18,   -15,   -20
    15,     1,    18,   -15,   -21
    16,     1,    18,   -16,   -21
    17,     1,    18,   -17,   -21
    18,     1,    18,   -18,   -21
    19,     1,    18,   -19,   -21
    20,     1,    18,   -19,   -20
    21,     1,    18,   -19,   -19
    22,     1,    18,   -19,   -18
    23,     1,    18,   -19,   -17
    24,     1,    19,   -19,   -17
    25,     1,    20,   -19,   -17
    26,     1,    21,   -19,   -17
    27,     1,    21,   -19,   -18
    28,     1,    21,   -20,   -18
    29,     1,    21,   -21,   -18
    30,     1,    21,   -21,   -19
    31,     1,    22,   -21,   -19
    32,     1,    23,   -21,   -19
    33,     1,    24,   -21,   -19
    34,     1,    24,   -21,   -18
    35,     1,    24,   -22,   -18
    36,     1,    24,   -23,   -18
    37,     1,    23,   -23,   -18
    38,     1,    22,   -23,   -18
    39,     1,    21,   -23,   -18
    40,     1,    20,   -23,   -18
    41,     1,    19,   -23,   -18
    42,     1,    18,   -23,   -18
    43,     1,    17,   -23,   -18
    44,     1,    17,   -23,   -17
    45,     1,    17,   -23,   -16
    46,     1,    17,   -23,   -15
    47,     1,    17,   -23,   -14
    48,     1,    17,   -23,   -13
    49,     1,    17,   -23,   -12
    50,     1,    17,   -23,   -11
    51,     1,    17,   -23,   -10
    52,     1,    17,   -23,    -9
    53,     1,    17,   -22,    -9
    54,     1,    17,   -21,    -9
    55,     1,    18,   -21,    -9
    56,     1,    18,   -21,    -8
    57,     1,    18,   -22,    -8
    58,     1,    18,   -23,    -8
    59,     1,    18,   -23,    -7
    60,     1,    17,   -23,    -7
    61,     1,    16,   -23,    -7
    62,     1,    15,   -23,    -7
    63,     1,    15,   -22,    -7
    64,     1,    15,   -21,    -7
    65,     1,    15,   -21,    -6
    66,     1,    15,   -21,    -5
    67,     1,    15,   -22,    -5
    68,     1,    15,   -23,    -5
    69,     1,    15,   -23,    -4
    70,     1,    15,   -23,    -3
    71,     1,    16,   -23,    -3
    72,     1,    17,   -23,    -3
    73,     1,    17,   -24,    -3
    74,     1,    17,   -24,    -4
    75,     1,    17,   -24,    -5
    76,     1,    17,   -24,    -6
    77,     1,    16,   -24,    -6
    78,     1,    15,   -24,    -6
    79,     1,    14,   -24,    -6
    80,     1,    13,   -24,    -6
    81,     1,    12,   -24,    -6
    82,     1,    11,   -24,    -6
    83,     1,    11,   -25,    -6
    84,     1,    11,   -26,    -6
    85,     1,    11,   -26,    -5
    86,     1,    10,   -26,    -5
    87,     1,     9,   -26,    -5
    88,     1,     9,   -26,    -6
    89,     1,     9,   -26,    -7
    90,     1,     9,   -26,    -8
    91,     1,     8,   -26,    -8
    92,     1,     8,   -25,    -8
    93,     1,     8,   -24,    -8
    94,     1,     8,   -24,    -9
    95,     1,     8,   -24,   -10
    96,     1,     9,   -24,   -10
    97,     1,    10,   -24,   -10
    98,     1,    10,   -25,   -10
    99,     1,    10,   -26,   -10
   100,     1,    10,   -27,   -10
   101,     1,    10,   -28,   -10
   102,     1,    10,   -28,    -9
   103,     1,    10,   -28,    -8
   104,     1,    10,   -28,    -7
   105,     1,    10,   -29,    -7
   106,     1,    10,   -29,    -8
   107,     1,    10,   -29,    -9
   108,     1,    10,   -29,   -10
   109,     1,    10,   -29,   -11
   110,     1,    10,   -29,   -12
   111,     1,    10,   -28,   -12
   112,     1,    11,   -28,   -12
   113,     1,    12,   -28,   -12
   114,     1,    12,   -28,   -11
   115,     1,    12,   -29,   -11
   116,     1,    12,   -30,   -11
   117,     1,    12,   -31,   -11
   118,     1,    12,   -32,   -11
   119,     1,    12,   -33,   -11
   120,     1,    12,   -33,   -10
   121,     1,    11,   -33,   -10
   122,     1,    10,   -33,   -10
   123,     1,     9,   -33,   -10
   124,     1,     8,   -33,   -10
   125,     1,     8,   -34,   -10
   126,     1,     8,   -35,   -10
   127,     1,     8,   -36,   -10
   128,     1,     8,   -37,   -10
   129,     1,     8,   -37,   -11
   130,     1,     8,   -37,   -12
   131,     1,     8,   -36,   -12
   132,     1,     8,   -35,   -12
   133,     1,     8,   -34,   -12
   134,     1,     8,   -33,   -12
   135,     1,     7,   -33,   -12
   136,     1,     6,   -33,   -12
   137,     1,     5,   -33,   -12
   138,     1,     5,   -33,   -11
   139,     1,     5,   -34,   -11
   140,     1,     5,   -35,   -11
   141,     1,     5,   -35,   -12
   142,     1,     5,   -35,   -13
   143,     1,     5,   -35,   -14
   144,     1,     4,   -35,   -14
   145,     1,     3,   -35,   -14
   146,     1,     2,   -35,   -14
   147,     1,     1,   -35,   -14
   148,     1,     1,   -36,   -14
   149,     1,     1,   -36,   -13
   150,     1,     1,   -36,   -12
   151,     1,     1,   -36,   -11
   152,     1,     1,   -36,   -10
   153,     1,     0,   -36,   -10
   154,     1,    -1,   -36,   -10
   155,     1,    -1,   -35,   -10
   156,     1,    -1,   -34,   -10
   157,     1,    -1,   -34,   -11
   158,     1,    -1,   -34,   -12
   159,     1,    -1,   -34,   -13
   160,     1,    -1,   -34,   -14
   161,     1,    -2,   -34,   -14
   162,     1,    -3,   -34,   -14
   163,     1,    -3,   -33,   -14
   164,     1,    -3,   -33,   -13
   165,     1,    -3,   -33,   -12
   166,     1,    -3,   -33,   -11
   167,     1,    -3,   -33,   -10
   168,     1,    -3,   -33,    -9
   169,     1,    -3,   -34,    -9
   170,     1,    -3,   -35,    -9
   171,     1,    -3,   -36,    -9
   172,     1,    -3,   -37,    -9
   173,     1,    -3,   -38,    -9
   174,     1,    -3,   -38,   -10
   175,     1,    -4,   -38,   -10
   176,     1,    -5,   -38,   -10
   177,     1,    -6,   -38,   -10
   178,     1,    -6,   -38,   -11
   179,     1,    -6,   -38,   -12
   180,     1,    -7,   -38,   -12
   181,     1,    -8,   -38,   -12
   182,     1,    -9,   -38,   -12
   183,     1,    -9,   -37,   -12
   184,     1,    -9,   -36,   -12
   185,     1,    -9,   -36,   -11
   186,     1,   -10,   -36,   -11
   187,     1,   -11,   -36,   -11
   188,     1,   -12,   -36,   -11
   189,     1,   -13,   -36,   -11
   190,     1,   -14,   -36,   -11
   191,     1,   -14,   -35,   -11
   192,     1,   -14,   -34,   -11
   193,     1,   -14,   -33,   -11
   194,     1,   -13,   -33,   -11
   195,     1,   -12,   -33,   -11
   196,     1,   -11,   -33,   -11
   197,     1,   -10,   -33,   -11
   198,     1,    -9,   -33,   -11
   199,     1,    -8,   -33,   -11
   200,     1,    -7,   -33,   -11
   201,     4,    -7,   -32,   -11
   202,     1,    -7,   -31,   -11
   203,     1,    -7,   -31,   -12
   204,     1,    -6,   -31,   -12
   205,     1,    -5,   -31,   -12
   206,     1,    -4,   -31,   -12
   207,     1,    -3,   -31,   -12
   208,     1,    -3,   -31,   -13
   209,     1,    -3,   -30,   -13
   210,     1,    -4,   -30,   -13
   211,     1,    -5,   -30,   -13
   212,     1,    -5,   -31,   -13
   213,     1,    -5,   -32,   -13
   214,     1,    -5,   -32,   -14
   215,     1,    -6,   -32,   -14
   216,     1,    -7,   -32,   -14
   217,     1,    -8,   -32,   -14
   218,     1,    -8,   -31,   -14
   219,     1,    -8,   -30,   -14
   220,     1,    -9,   -30,   -14
   221,     1,    -9,   -30,   -13
   222,     1,    -9,   -30,   -12
   223,     1,    -9,   -30,   -11
   224,     1,   -10,   -30,   -11
   225,     1,   -11,   -30,   -11
   226,     1,   -11,   -30,   -10
   227,     1,   -10,   -30,   -10
   228,     1,   -10,   -29,   -10
   229,     1,   -10,   -28,   -10
   230,     1,   -10,   -27,   -10
   231,     1,   -11,   -27,   -10
   232,     1,   -12,   -27,   -10
   233,     1,   -13,   -27,   -10
   234,     1,   -13,   -27,    -9
   235,     1,   -13,   -27,    -8
   236,     1,   -13,   -27,    -7
   237,     1,   -14,   -27,    -7
   238,     1,   -14,   -26,    -7
   239,     1,   -14,   -26,    -6
   240,     1,   -14,   -25,    -6
   241,     1,   -14,   -24,    -6
   242,     1,   -14,   -23,    -6
   243,     1,   -14,   -22,    -6
   244,     1,   -13,   -22,    -6
   245,     1,   -13,   -22,    -5
   246,     1,   -14,   -22,    -5
   247,     1,   -15,   -22,    -5
   248,     1,   -15,   -21,    -5
   249,     1,   -15,   -20,    -5
   250,     1,   -15,   -19,    -5
   251,     1,   -15,   -18,    -5
   252,     1,   -15,   -17,    -5
   253,     1,   -15,   -16,    -5
   254,     1,   -15,   -15,    -5
   255,     1,   -15,   -14,    -5
   256,     1,   -15,   -14,    -4
   257,     1,   -14,   -14,    -4
   258,     1,   -13,   -14,    -4
   259,     1,   -12,   -14,    -4
   260,     1,   -11,   -14,    -4
   261,     1,   -10,   -14,    -4
   262,     1,    -9,   -14,    -4
   263,     1,    -8,   -14,    -4
   264,     1,    -7,   -14,    -4
   265,     1,    -7,   -15,    -4
   266,     1,    -7,   -16,    -4
   267,     1,    -7,   -16,    -3
   268,     1,    -8,   -16,    -3
   269,     1,    -9,   -16,    -3
   270,     1,    -9,   -16,    -4
   271,     1,    -9,   -16,    -5
   272,     1,    -9,   -16,    -6
   273,     1,    -8,   -16,    -6
   274,     1,    -7,   -16,    -6
   275,     1,    -6,   -16,    -6
   276,     1,    -5,   -16,    -6
   277,     1,    -4,   -16,    -6
   278,     1,    -4,   -15,    -6
   279,     1,    -4,   -14,    -6
   280,     1,    -4,   -13,    -6
   281,     1,    -4,   -13,    -7
   282,     1,    -4,   -13,    -8
   283,     1,    -4,   -14,    -8
   284,     1,    -4,   -15,    -8
   285,     1,    -4,   -15,    -9
   286,     1,    -4,   -15,   -10
   287,     1,    -4,   -15,   -11
   288,     1,    -3,   -15,   -11
   289,     1,    -2,   -15,   -11
   290,     1,    -2,   -15,   -10
   291,     1,    -2,   -15,    -9
   292,     1,    -1,   -15,    -9
   293,     1,    -1,   -16,    -9
   294,     1,    -1,   -17,    -9
   295,     1,    -1,   -17,    -8
   296,     1,    -1,   -17,    -7
   297,     1,     0,   -17,    -7
   298,     1,     1,   -17,    -7
   299,     1,     2,   -17,    -7
   300,     1,     3,   -17,    -7
   301,     1,     4,   -17,    -7
   302,     1,     5,   -17,    -7
   303,     1,     5,   -18,    -7
   304,     1,     5,   -19,    -7
   305,     1,     5,   -20,    -7
   306,     1,     5,   -21,    -7
   307,     1,     5,   -21,    -6
   308,     1,     5,   -21,    -5
   309,     1,     4,   -21,    -5
   310,     1,     4,   -20,    -5
   311,     1,     4,   -19,    -5
   312,     1,     4,   -19,    -4
   313,     1,     4,   -19,    -3
   314,     1,     4,   -19,    -2
   315,     1,     4,   -19,    -1
   316,     1,     4,   -20,    -1
   317,     1,     4,   -20,    -2
   318,     1,     3,   -20,    -2
   319,     1,     2,   -20,    -2
   320,     1,     1,   -20,    -2
   321,     1,     1,   -19,    -2
   322,     1,     2,   -19,    -2
   323,     1,     2,   -19,    -1
   324,     1,     2,   -19,     0
   325,     1,     2,   -19,     1
   326,     1,     2,   -19,     2
   327,     1,     2,   -19,     3
   328,     1,     2,   -19,     4
   329,     1,     3,   -19,     4
   330,     1,     4,   -19,     4
   331,     1,     5,   -19,     4
   332,     1,     6,   -19,     4
   333,     1,     7,   -19,     4
   334,     1,     8,   -19,     4
   335,     1,     9,   -19,     4
   336,     1,    10,   -19,     4
   337,     1,    10,   -20,     4
   338,     1,    10,   -21,     4
   339,     1,    10,   -22,     4
   340,     1,    10,   -22,     3
   341,     1,    10,   -22,     2
   342,     1,    10,   -21,     2
   343,     1,    10,   -20,     2
   344,     1,    10,   -20,     1
   345,     1,    10,   -20,     0
   346,     1,    10,   -20,    -1
   347,     1,    10,   -20,    -2
   348,     1,    10,   -20,    -3
   349,     1,    10,   -20,    -4
   350,     1,    10,   -20,    -5
   351,     1,    10,   -20,    -6
   352,     1,    10,   -19,    -6
   353,     1,    10,   -18,    -6
   354,     1,    10,   -17,    -6
   355,     1,     9,   -17,    -6
   356,     1,     9,   -17,    -7
   357,     1,     9,   -17,    -8
   358,     1,    10,   -17,    -8
   359,     1,    11,   -17,    -8
   360,     1,    12,   -17,    -8
   361,     1,    13,   -17,    -8
   362,     1,    14,   -17,    -8
   363,     1,    15,   -17,    -8
   364,     1,    16,   -17,    -8
   365,     1,    16,   -16,    -8
   366,     1,    16,   -15,    -8
   367,     1,    16,   -14,    -8
   368,     1,    16,   -13,    -8
   369,     1,    17,   -13,    -8
   370,     1,    18,   -13,    -8
   371,     1,    18,   -12,    -8
   372,     1,    18,   -11,    -8
   373,     1,    17,   -11,    -8
   374,     1,    16,   -11,    -8
   375,     1,    15,   -11,    -8
   376,     1,    15,   -10,    -8
   377,     1,    15,    -9,    -8
   378,     1,    15,    -9,    -9
   379,     1,    15,    -9,   -10
   380,     1,    15,    -9,   -11
   381,     1,    14,    -9,   -11
   382,     1,    13,    -9,   -11
   383,     1,    12,    -9,   -11
   384,     1,    11,    -9,   -11
   385,     1,    11,    -9,   -10
   386,     1,    11,    -9,    -9
   387,     1,    11,    -9,    -8
   388,     1,    11,    -9,    -7
   389,     1,    11,    -9,    -6
   390,     1,    11,    -9,    -5
   391,     1,    11,   -10,    -5
   392,     1,    11,   -11,    -5
   393,     1,    11,   -12,    -5
   394,     1,    10,   -12,    -5
   395,     1,    10,   -11,    -5
   396,     1,    10,   -10,    -5
   397,     1,    10,    -9,    -5
   398,     1,    10,    -8,    -5
   399,     1,    10,    -7,    -5
   400,     1,    11,    -7,    -5
   401,     1,    11,    -7,    -4
   402,     1,    11,    -7,    -3
   403,     1,    11,    -6,    -3
   404,     1,    11,    -5,    -3
   405,     1,    10,    -5,    -3
   406,     1,    10,    -5,    -4
   407,     1,    11,    -5,    -4
   408,     1,    12,    -5,    -4
   409,     1,    12,    -5,    -3
   410,     1,    13,    -5,    -3
   411,     1,    14,    -5,    -3
   412,     1,    15,    -5,    -3
   413,     1,    16,    -5,    -3
   414,     1,    17,    -5,    -3
   415,     1,    18,    -5,    -3
   416,     1,    19,    -5,    -3
   417,     1,    20,    -5,    -3
   418,     1,    20,    -5,    -4
   419,     1,    20,    -5,    -5
   420,     1,    20,    -5,    -6
   421,     1,    20,    -5,    -7
   422,     1,    20,    -5,    -8
   423,     1,    20,    -4,    -8
   424,     1,    20,    -3,    -8
   425,     1,    19,    -3,    -8
   426,     1,    18,    -3,    -8
   427,     1,    17,    -3,    -8
   428,     1,    17,    -4,    -8
   429,     1,    17,    -5,    -8
   430,     1,    17,    -6,    -8
   431,     1,    17,    -7,    -8
   432,     1,    17,    -8,    -8
   433,     1,    17,    -9,    -8
   434,     1,    17,    -9,    -7
   435,     1,    17,    -9,    -6
   436,     1,    17,    -9,    -5
   437,     1,    18,    -9,    -5
   438,     1,    19,    -9,    -5
   439,     1,    19,   -10,    -5
   440,     1,    19,   -10,    -4
   441,     1,    18,   -10,    -4
   442,     1,    17,   -10,    -4
   443,     1,    16,   -10,    -4
   444,     1,    16,    -9,    -4
   445,     1,    16,    -8,    -4
   446,     1,    17,    -8,    -4
   447,     1,    17,    -8,    -3
   448,     1,    17,    -8,    -2
   449,     1,    17,    -8,    -1
   450,     1,    17,    -8,     0
   451,     1,    18,    -8,     0
   452,     1,    19,    -8,     0
   453,     1,    19,    -7,     0
   454,     1,    19,    -6,     0
   455,     1,    20,    -6,     0
   456,     1,    21,    -6,     0
   457,     1,    22,    -6,     0
   458,     1,    22,    -6,     1
   459,     1,    22,    -6,     2
   460,     1,    22,    -6,     3
   461,     1,    22,    -7,     3
   462,     1,    22,    -8,     3
   463,     1,    23,    -8,     3
   464,     1,    24,    -8,     3
   465,     1,    25,    -8,     3
   466,     1,    25,    -8,     2
   467,     1,    25,    -8,     1
   468,     1,    24,    -8,     1
   469,     1,    24,    -9,     1
   470,     1,    24,   -10,     1
   471,     1,    24,   -11,     1
   472,     1,    24,   -12,     1
   473,     1,    24,   -13,     1
   474,     1,    24,   -14,     1
   475,     1,    24,   -14,     0
   476,     1,    24,   -14,    -1
   477,     1,    24,   -14,    -2
   478,     1,    24,   -14,    -3
   479,     1,    24,   -14,    -4
   480,     1,    24,   -14,    -5
   481,     1,    23,   -14,    -5
   482,     1,    22,   -14,    -5
   483,     1,    22,   -15,    -5
   484,     1,    22,   -16,    -5
   485,     1,    22,   -17,    -5
   486,     1,    21,   -17,    -5
   487,     1,    21,   -17,    -4
   488,     1,    21,   -17,    -3
   489,     1,    20,   -17,    -3
   490,     1,    20,   -16,    -3
   491,     1,    20,   -15,    -3
   492,     1,    20,   -14,    -3
   493,     1,    19,   -14,    -3
   494,     1,    19,   -14,    -2
   495,     1,    19,   -14,    -1
   496,     1,    19,   -14,     0
   497,     1,    19,   -14,     1
   498,     1,    20,   -14,     1
   499,     1,    21,   -14,     1
   500,     1,    22,   -14,     1
   501,     2,    23,   -14,     1
   502,     2,    23,   -14,     0
   503,     2,    23,   -15,     0
   504,     2,    24,   -15,     0
   505,     2,    24,   -16,     0
   506,     2,    24,   -17,     0
   507,     2,    24,   -18,     0
   508,     2,    24,   -19,     0
   509,     2,    24,   -20,     0
   510,     2,    24,   -20,    -1
   511,     2,    23,   -20,    -1
   512,     2,    23,   -20,    -2
   513,     2,    23,   -19,    -2
   514,     2,    24,   -19,    -2
   515,     2,    24,   -19,    -3
   516,     2,    24,   -19,    -4
   517,     2,    24,   -18,    -4
   518,     2,    24,   -17,    -4
   519,     2,    24,   -16,    -4
   520,     2,    25,   -16,    -4
   521,     2,    25,   -16,    -5
   522,     2,    25,   -17,    -5
   523,     2,    26,   -17,    -5
   524,     2,    26,   -17,    -4
   525,     2,    27,   -17,    -4
   526,     2,    28,   -17,    -4
   527,     2,    28,   -16,    -4
   528,     2,    28,   -16,    -3
   529,     2,    28,   -16,    -2
   530,     2,    28,   -16,    -1
   531,     2,    29,   -16,    -1
   532,     2,    29,   -15,    -1
   533,     2,    29,   -15,     0
   534,     2,    29,   -15,     1
   535,     2,    29,   -16,     1
   536,     2,    28,   -16,     1
   537,     2,    28,   -17,     1
   538,     2,    28,   -18,     1
   539,     2,    29,   -18,     1
   540,     2,    29,   -18,     0
   541,     2,    29,   -19,     0
   542,     2,    30,   -19,     0
   543,     2,    30,   -19,    -1
   544,     2,    30,   -19,    -2
   545,     2,    30,   -19,    -3
   546,     2,    29,   -19,    -3
   547,     2,    29,   -20,    -3
   548,     2,    29,   -21,    -3
   549,     2,    30,   -21,    -3
   550,     2,    31,   -21,    -3
   551,     2,    31,   -21,    -4
   552,     2,    31,   -21,    -5
   553,     2,    30,   -21,    -5
   554,     2,    29,   -21,    -5
   555,     2,    29,   -20,    -5
   556,     2,    28,   -20,    -5
   557,     2,    27,   -20,    -5
   558,     2,    26,   -20,    -5
   559,     2,    26,   -20,    -4
   560,     2,    26,   -19,    -4
   561,     2,    26,   -19,    -3
   562,     2,    26,   -20,    -3
   563,     2,    26,   -21,    -3
   564,     2,    26,   -21,    -4
   565,     2,    25,   -21,    -4
   566,     2,    25,   -21,    -5
   567,     2,    24,   -21,    -5
   568,     2,    24,   -22,    -5
   569,     2,    24,   -22,    -6
   570,     2,    24,   -23,    -6
   571,     2,    24,   -23,    -5
   572,     2,    24,   -23,    -4
   573,     2,    24,   -23,    -3
   574,     2,    24,   -23,    -2
   575,     2,    25,   -23,    -2
   576,     2,    25,   -22,    -2
   577,     2,    26,   -22,    -2
   578,     2,    26,   -22,    -3
   579,     2,    25,   -22,    -3
   580,     2,    25,   -23,    -3
   581,     2,    25,   -24,    -3
   582,     2,    24,   -24,    -3
   583,     2,    23,   -24,    -3
   584,     2,    23,   -23,    -3
   585,     2,    22,   -23,    -3
   586,     2,    21,   -23,    -3
   587,     2,    21,   -23,    -2
   588,     2,    21,   -22,    -2
   589,     2,    20,   -22,    -2
   590,     2,    19,   -22,    -2
   591,     2,    19,   -22,    -1
   592,     2,    19,   -22,     0
   593,     2,    18,   -22,     0
   594,     2,    18,   -21,     0
   595,     2,    18,   -20,     0
   596,     2,    18,   -20,     1
   597,     2,    19,   -20,     1
   598,     2,    19,   -20,     0
   599,     2,    19,   -20,    -1
   600,     2,    19,   -19,    -1
   601,     2,    20,   -19,    -1
   602,     2,    20,   -18,    -1
   603,     2,    20,   -18,     0
   604,     2,    20,   -18,     1
   605,     2,    19,   -18,     1
   606,     2,    19,   -17,     1
   607,     2,    18,   -17,     1
   608,     2,    18,   -17,     0
   609,     2,    18,   -16,     0
   610,     2,    18,   -15,     0
   611,     2,    18,   -15,     1
   612,     2,    18,   -16,     1
   613,     2,    17,   -16,     1
   614,     2,    17,   -16,     2
   615,     2,    18,   -16,     2
   616,     2,    18,   -16,     3
   617,     2,    18,   -16,     4
   618,     2,    18,   -15,     4
   619,     2,    18,   -14,     4
   620,     2,    18,   -14,     3
   621,     2,    18,   -15,     3
   622,     2,    19,   -15,     3
   623,     2,    19,   -15,     4
   624,     2,    19,   -15,     5
   625,     2,    20,   -15,     5
   626,     2,    20,   -14,     5
   627,     2,    20,   -14,     6
   628,     2,    20,   -14,     7
   629,     2,    19,   -14,     7
   630,     2,    19,   -14,     8
   631,     2,    19,   -13,     8
   632,     2,    19,   -12,     8
   633,     2,    18,   -12,     8
   634,     2,    18,   -12,     7
   635,     2,    17,   -12,     7
   636,     2,    17,   -13,     7
   637,     2,    16,   -13,     7
   638,     2,    16,   -13,     8
   639,     2,    16,   -13,     9
   640,     2,    16,   -14,     9
   641,     2,    16,   -15,     9
   642,     2,    17,   -15,     9
   643,     2,    17,   -14,     9
   644,     2,    18,   -14,     9
   645,     2,    18,   -13,     9
   646,     2,    18,   -13,    10
   647,     2,    19,   -13,    10
   648,     2,    20,   -13,    10
   649,     2,    20,   -13,    11
   650,     2,    20,   -14,    11
   651,     2,    20,   -14,    12
   652,     2,    19,   -14,    12
   653,     2,    18,   -14,    12
   654,     2,    17,   -14,    12
   655,     2,    16,   -14,    12
   656,     2,    16,   -14,    13
   657,     2,    17,   -14,    13
   658,     2,    17,   -13,    13
   659,     2,    17,   -13,    14
   660,     2,    18,   -13,    14
   661,     2,    18,   -12,    14
   662,     2,    17,   -12,    14
   663,     2,    17,   -11,    14
   664,     2,    17,   -11,    13
   665,     2,    17,   -12,    13
   666,     2,    18,   -12,    13
   667,     2,    19,   -12,    13
   668,     2,    19,   -12,    12
   669,     2,    19,   -11,    12
   670,     2,    20,   -11,    12
   671,     2,    20,   -10,    12
   672,     2,    20,    -9,    12
   673,     2,    20,    -8,    12
   674,     2,    20,    -7,    12
   675,     2,    19,    -7,    12
   676,     2,    18,    -7,    12
   677,     2,    17,    -7,    12
   678,     2,    16,    -7,    12
   679,     2,    15,    -7,    12
   680,     2,    14,    -7,    12
   681,     2,    13,    -7,    12
   682,     2,    12,    -7,    12
   683,     2,    12,    -7,    11
   684,     2,    11,    -7,    11
   685,     2,    11,    -8,    11
   686,     2,    11,    -8,    12
   687,     2,    11,    -8,    13
   688,     2,    12,    -8,    13
   689,     2,    12,    -8,    14
   690,     2,    12,    -9,    14
   691,     2,    12,    -9,    13
   692,     2,    12,    -9,    12
   693,     2,    11,    -9,    12
   694,     2,    11,   -10,    12
   695,     2,    10,   -10,    12
   696,     2,     9,   -10,    12
   697,     2,     9,   -11,    12
   698,     2,     9,   -11,    11
   699,     2,     9,   -11,    10
   700,     2,     9,   -12,    10
   701,     1,     9,   -13,    10
   702,     1,     9,   -13,     9
   703,     1,     9,   -13,     8
   704,     1,     9,   -12,     8
   705,     1,     9,   -11,     8
   706,     1,    10,   -11,     8
   707,     1,    11,   -11,     8
   708,     1,    11,   -11,     9
   709,     1,    11,   -11,    10
   710,     1,    11,   -11,    11
   711,     1,    11,   -12,    11
   712,     1,    11,   -13,    11
   713,     1,    11,   -14,    11
   714,     1,    11,   -14,    10
   715,     1,    12,   -14,    10
   716,     1,    13,   -14,    10
   717,     1,    13,   -14,     9
   718,     1,    13,   -14,     8
   719,     1,    13,   -15,     8
   720,     1,    12,   -15,     8
   721,     1,    11,   -15,     8
   722,     1,    10,   -15,     8
   723,     1,     9,   -15,     8
   724,     1,     8,   -15,     8
   725,     1,     8,   -16,     8
   726,     1,     8,   -17,     8
   727,     1,     8,   -18,     8
   728,     1,     8,   -19,     8
   729,     1,     8,   -19,     9
   730,     1,     8,   -18,     9
   731,     1,     8,   -18,    10
   732,     1,     8,   -18,    11
   733,     1,     8,   -18,    12
   734,     1,     8,   -17,    12
   735,     1,     8,   -16,    12
   736,     1,     8,   -15,    12
   737,     1,     8,   -14,    12
   738,     1,     8,   -13,    12
   739,     1,     8,   -12,    12
   740,     1,     8,   -11,    12
   741,     1,     8,   -10,    12
   742,     1,     8,    -9,    12
   743,     1,     8,    -8,    12
   744,     1,     8,    -7,    12
   745,     1,     8,    -6,    12
   746,     1,     8,    -5,    12
   747,     1,     8,    -5,    11
   748,     1,     7,    -5,    11
   749,     1,     6,    -5,    11
   750,     1,     5,    -5,    11
   751,     1,     4,    -5,    11
   752,     1,     4,    -4,    11
   753,     1,     4,    -3,    11
   754,     1,     3,    -3,    11
   755,     1,     2,    -3,    11
   756,     1,     1,    -3,    11
   757,     1,     1,    -3,    10
   758,     1,     1,    -3,     9
   759,     1,     1,    -2,     9
   760,     1,     1,    -1,     9
   761,     1,     0,    -1,     9
   762,     1,    -1,    -1,     9
   763,     1,    -2,    -1,     9
   764,     1,    -2,    -2,     9
   765,     1,    -2,    -3,     9
   766,     1,    -2,    -4,     9
   767,     1,    -2,    -5,     9
   768,     1,    -2,    -6,     9
   769,     1,    -2,    -6,    10
   770,     1,    -2,    -6,    11
   771,     1,    -3,    -6,    11
   772,     1,    -4,    -6,    11
   773,     1,    -4,    -5,    11
   774,     1,    -4,    -4,    11
   775,     1,    -4,    -3,    11
   776,     1,    -4,    -2,    11
   777,     1,    -4,    -1,    11
   778,     1,    -4,     0,    11
   779,     1,    -5,     0,    11
   780,     1,    -5,     0,    12
   781,     1,    -5,     0,    13
   782,     1,    -5,     0,    14
   783,     1,    -5,     0,    15
   784,     1,    -6,     0,    15
   785,     1,    -7,     0,    15
   786,     1,    -7,    -1,    15
   787,     1,    -8,    -1,    15
   788,     1,    -9,    -1,    15
   789,     1,    -9,    -1,    14
   790,     1,    -9,    -1,    13
   791,     1,    -9,    -1,    12
   792,     1,    -8,    -1,    12
   793,     1,    -7,    -1,    12
   794,     1,    -6,    -1,    12
   795,     1,    -5,    -1,    12
   796,     1,    -4,    -1,    12
   797,     1,    -3,    -1,    12
   798,     1,    -2,    -1,    12
   799,     1,    -2,     0,    12
   800,     1,    -2,     1,    12
   801,     3,    -2,     2,    12
   802,     3,    -2,     3,    12
   803,     3,    -2,     4,    12
   804,     3,    -2,     5,    12
   805,     3,    -1,     5,    12
   806,     3,    -1,     5,    13
   807,     3,     0,     5,    13
   808,     3,     0,     4,    13
   809,     3,     0,     4,    12
   810,     3,     0,     4,    11
   811,     3,     0,     3,    11
   812,     3,     0,     2,    11
   813,     3,     0,     1,    11
   814,     3,     0,     0,    11
   815,     3,     1,     0,    11
   816,     3,     1,     0,    10
   817,     3,     2,     0,    10
   818,     3,     3,     0,    10
   819,     3,     4,     0,    10
   820,     3,     4,     0,    11
   821,     3,     4,     1,    11
   822,     3,     5,     1,    11
   823,     3,     5,     1,    10
   824,     3,     5,     1,     9
   825,     3,     5,     1,     8
   826,     3,     6,     1,     8
   827,     3,     7,     1,     8
   828,     3,     8,     1,     8
   829,     3,     8,     1,     9
   830,     3,     8,     2,     9
   831,     3,     8,     3,     9
   832,     3,     8,     3,     8
   833,     3,     7,     3,     8
   834,     3,     7,     4,     8
   835,     3,     7,     4,     9
   836,     3,     7,     5,     9
   837,     3,     7,     6,     9
   838,     3,     6,     6,     9
   839,     3,     6,     5,     9
   840,     3,     5,     5,     9
   841,     3,     5,     6,     9
   842,     3,     4,     6,     9
   843,     3,     4,     6,    10
   844,     3,     4,     6,    11
   845,     3,     4,     6,    12
   846,     3,     4,     5,    12
   847,     3,     5,     5,    12
   848,     3,     5,     5,    11
   849,     3,     4,     5,    11
   850,     3,     4,     4,    11
   851,     3,     4,     4,    12
   852,     3,     5,     4,    12
   853,     3,     5,     3,    12
   854,     3,     6,     3,    12
   855,     3,     7,     3,    12
   856,     3,     8,     3,    12
   857,     3,     8,     2,    12
   858,     3,     8,     2,    11
   859,     3,     8,     1,    11
   860,     3,     7,     1,    11
   861,     3,     7,     2,    11
   862,     3,     7,     2,    12
   863,     3,     7,     2,    13
   864,     3,     6,     2,    13
   865,     3,     5,     2,    13
   866,     3,     5,     3,    13
   867,     3,     5,     3,    14
   868,     3,     5,     3,    15
   869,     3,     5,     3,    16
   870,     3,     4,     3,    16
   871,     3,     4,     3,    15
   872,     3,     3,     3,    15
   873,     3,     3,     4,    15
   874,     3,     3,     4,    16
   875,     3,     2,     4,    16
   876,     3,     1,     4,    16
   877,     3,     1,     5,    16
   878,     3,     0,     5,    16
   879,     3,    -1,     5,    16
   880,     3,    -1,     5,    15
   881,     3,    -2,     5,    15
   882,     3,    -2,     5,    14
   883,     3,    -2,     4,    14
   884,     3,    -3,     4,    14
   885,     3,    -4,     4,    14
   886,     3,    -4,     4,    15
   887,     3,    -5,     4,    15
   888,     3,    -5,     3,    15
   889,     3,    -5,     3,    16
   890,     3,    -4,     3,    16
   891,     3,    -4,     3,    17
   892,     3,    -4,     4,    17
   893,     3,    -3,     4,    17
   894,     3,    -3,     4,    18
   895,     3,    -3,     4,    19
   896,     3,    -4,     4,    19
   897,     3,    -4,     4,    20
   898,     3,    -4,     3,    20
   899,     3,    -3,     3,    20
   900,     3,    -2,     3,    20
   901,     3,    -2,     4,    20
   902,     3,    -3,     4,    20
   903,     3,    -3,     5,    20
   904,     3,    -3,     5,    21
   905,     3,    -4,     5,    21
   906,     3,    -4,     6,    21
   907,     3,    -4,     7,    21
   908,     3,    -5,     7,    21
   909,     3,    -5,     8,    21
   910,     3,    -5,     8,    22
   911,     3,    -6,     8,    22
   912,     3,    -6,     8,    23
   913,     3,    -5,     8,    23
   914,     3,    -5,     8,    24
   915,     3,    -5,     9,    24
   916,     3,    -5,     9,    23
   917,     3,    -6,     9,    23
   918,     3,    -7,     9,    23
   919,     3,    -7,    10,    23
   920,     3,    -7,    10,    24
   921,     3,    -7,    11,    24
   922,     3,    -7,    12,    24
   923,     3,    -7,    13,    24
   924,     3,    -7,    14,    24
   925,     3,    -6,    14,    24
   926,     3,    -5,    14,    24
   927,     3,    -5,    15,    24
   928,     3,    -5,    15,    23
   929,     3,    -6,    15,    23
   930,     3,    -7,    15,    23
   931,     3,    -7,    15,    22
   932,     3,    -7,    14,    22
   933,     3,    -7,    13,    22
   934,     3,    -7,    12,    22
   935,     3,    -7,    11,    22
   936,     3,    -7,    11,    21
   937,     3,    -6,    11,    21
   938,     3,    -6,    12,    21
   939,     3,    -6,    12,    20
   940,     3,    -6,    11,    20
   941,     3,    -6,    11,    19
   942,     3,    -5,    11,    19
   943,     3,    -4,    11,    19
   944,     3,    -4,    11,    20
   945,     3,    -4,    12,    20
   946,     3,    -4,    12,    21
   947,     3,    -4,    13,    21
   948,     3,    -3,    13,    21
   949,     3,    -3,    14,    21
   950,     3,    -3,    14,    20
   951,     3,    -2,    14,    20
   952,     3,    -2,    15,    20
   953,     3,    -1,    15,    20
   954,     3,    -1,    14,    20
   955,     3,    -1,    14,    19
   956,     3,    -1,    13,    19
   957,     3,    -1,    13,    18
   958,     3,    -1,    13,    17
   959,     3,    -2,    13,    17
   960,     3,    -2,    13,    16
   961,     3,    -2,    13,    15
   962,     3,    -1,    13,    15
   963,     3,     0,    13,    15
   964,     3,     0,    12,    15
   965,     3,     0,    12,    14
   966,     3,     1,    12,    14
   967,     3,     1,    13,    14
   968,     3,     2,    13,    14
   969,     3,     2,    12,    14
   970,     3,     3,    12,    14
   971,     3,     4,    12,    14
   972,     3,     4,    12,    15
   973,     3,     5,    12,    15
   974,     3,     5,    12,    14
   975,     3,     5,    12,    13
   976,     3,     6,    12,    13
   977,     3,     6,    13,    13
   978,     3,     7,    13,    13
   979,     3,     7,    13,    14
   980,     3,     7,    13,    15
   981,     3,     7,    14,    15
   982,     3,     8,    14,    15
   983,     3,     8,    14,    16
   984,     3,     8,    15,    16
   985,     3,     8,    16,    16
   986,     3,     7,    16,    16
   987,     3,     6,    16,    16
   988,     3,     5,    16,    16
   989,     3,     4,    16,    16
   990,     3,     3,    16,    16
   991,     3,     3,    16,    15
   992,     3,     3,    15,    15
   993,     3,     3,    15,    14
   994,     3,     4,    15,    14
   995,     3,     4,    16,    14
   996,     3,     4,    16,    13
   997,     3,     4,    16,    12
   998,     3,     4,    16,    11
   999,     3,     4,    15,    11
  1000,     3,     4,    15,    10
  1001,     1,     5,    15,    10
  1002,     1,     6,    15,    10
  1003,     1,     6,    15,     9
  1004,     1,     6,    15,     8
  1005,     1,     6,    15,     7
  1006,     1,     5,    15,     7
  1007,     1,     4,    15,     7
  1008,     1,     4,    15,     6
  1009,     1,     4,    15,     5
  1010,     1,     4,    15,     4
  1011,     1,     5,    15,     4
  1012,     1,     6,    15,     4
  1013,     1,     7,    15,     4
  1014,     1,     7,    15,     3
  1015,     1,     7,    15,     2
  1016,     1,     7,    14,     2
  1017,     1,     7,    13,     2
  1018,     1,     7,    12,     2
  1019,     1,     7,    12,     3
  1020,     1,     8,    12,     3
  1021,     1,     9,    12,     3
  1022,     1,     9,    11,     3
  1023,     1,     9,    11,     2
  1024,     1,     9,    11,     1
  1025,     1,     9,    10,     1
  1026,     1,    10,    10,     1
  1027,     1,    11,    10,     1
  1028,     1,    11,    10,     2
  1029,     1,    11,    10,     3
  1030,     1,    11,     9,     3
  1031,     1,    11,     8,     3
  1032,     1,    11,     7,     3
  1033,     1,    11,     7,     2
  1034,     1,    11,     7,     1
  1035,     1,    11,     7,     0
  1036,     1,    11,     7,    -1
  1037,     1,    11,     8,    -1
  1038,     1,    11,     9,    -1
  1039,     1,    11,    10,    -1
  1040,     1,    11,    11,    -1
  1041,     1,    11,    12,    -1
  1042,     1,    11,    13,    -1
  1043,     1,    11,    14,    -1
  1044,     1,    11,    15,    -1
  1045,     1,    10,    15,    -1
  1046,     1,    10,    15,    -2
  1047,     1,    10,    14,    -2
  1048,     1,    10,    13,    -2
  1049,     1,    10,    13,    -3
  1050,     1,    11,    13,    -3
  1051,     1,    12,    13,    -3
  1052,     1,    13,    13,    -3
  1053,     1,    14,    13,    -3
  1054,     1,    14,    12,    -3
  1055,     1,    14,    11,    -3
  1056,     1,    14,    10,    -3
  1057,     1,    13,    10,    -3
  1058,     1,    12,    10,    -3
  1059,     1,    11,    10,    -3
  1060,     1,    10,    10,    -3
  1061,     1,     9,    10,    -3
  1062,     1,     8,    10,    -3
  1063,     1,     8,    10,    -4
  1064,     1,     8,    10,    -5
  1065,     1,     8,    10,    -6
  1066,     1,     7,    10,    -6
  1067,     1,     6,    10,    -6
  1068,     1,     5,    10,    -6
  1069,     1,     4,    10,    -6
  1070,     1,     4,     9,    -6
  1071,     1,     4,     8,    -6
  1072,     1,     4,     7,    -6
  1073,     1,     4,     6,    -6
  1074,     1,     3,     6,    -6
  1075,     1,     3,     6,    -7
  1076,     1,     3,     6,    -8
  1077,     1,     3,     7,    -8
  1078,     1,     3,     8,    -8
  1079,     1,     2,     8,    -8
  1080,     1,     2,     7,    -8
  1081,     1,     1,     7,    -8
  1082,     1,     0,     7,    -8
  1083,     1,    -1,     7,    -8
  1084,     1,    -2,     7,    -8
  1085,     1,    -2,     7,    -9
  1086,     1,    -2,     8,    -9
  1087,     1,    -2,     9,    -9
  1088,     1,    -2,     9,    -8
  1089,     1,    -2,     9,    -7
  1090,     1,    -2,     9,    -6
  1091,     1,    -3,     9,    -6
  1092,     1,    -4,     9,    -6
  1093,     1,    -4,     8,    -6
  1094,     1,    -4,     8,    -5
  1095,     1,    -4,     8,    -4
  1096,     1,    -4,     9,    -4
  1097,     1,    -4,    10,    -4
  1098,     1,    -5,    10,    -4
  1099,     1,    -5,    10,    -3
  1100,     1,    -5,     9,    -3
  1101,     2,    -4,     9,    -3
  1102,     2,    -3,     9,    -3
  1103,     2,    -3,     9,    -4
  1104,     2,    -3,     8,    -4
  1105,     2,    -3,     8,    -5
  1106,     2,    -3,     8,    -6
  1107,     2,    -3,     8,    -7
  1108,     2,    -3,     8,    -8
  1109,     2,    -3,     9,    -8
  1110,     2,    -3,    10,    -8
  1111,     2,    -4,    10,    -8
  1112,     2,    -4,    10,    -9
  1113,     2,    -4,    11,    -9
  1114,     2,    -4,    11,   -10
  1115,     2,    -4,    12,   -10
  1116,     2,    -3,    12,   -10
  1117,     2,    -3,    12,   -11
  1118,     2,    -3,    11,   -11
  1119,     2,    -3,    10,   -11
  1120,     2,    -3,    10,   -10
  1121,     2,    -4,    10,   -10
  1122,     2,    -4,     9,   -10
  1123,     2,    -4,     9,   -11
  1124,     2,    -4,     9,   -12
  1125,     2,    -4,     8,   -12
  1126,     2,    -4,     7,   -12
  1127,     2,    -4,     6,   -12
  1128,     2,    -4,     6,   -11
  1129,     2,    -5,     6,   -11
  1130,     2,    -5,     5,   -11
  1131,     2,    -4,     5,   -11
  1132,     2,    -3,     5,   -11
  1133,     2,    -3,     5,   -12
  1134,     2,    -3,     4,   -12
  1135,     2,    -3,     3,   -12
  1136,     2,    -3,     3,   -13
  1137,     2,    -4,     3,   -13
  1138,     2,    -5,     3,   -13
  1139,     2,    -5,     3,   -14
  1140,     2,    -5,     4,   -14
  1141,     2,    -4,     4,   -14
  1142,     2,    -4,     4,   -15
  1143,     2,    -3,     4,   -15
  1144,     2,    -2,     4,   -15
  1145,     2,    -2,     4,   -16
  1146,     2,    -2,     4,   -17
  1147,     2,    -2,     5,   -17
  1148,     2,    -1,     5,   -17
  1149,     2,    -1,     6,   -17
  1150,     2,    -1,     7,   -17
  1151,     2,    -1,     7,   -18
  1152,     2,    -1,     6,   -18
  1153,     2,    -1,     6,   -19
  1154,     2,    -2,     6,   -19
  1155,     2,    -2,     6,   -18
  1156,     2,    -3,     6,   -18
  1157,     2,    -4,     6,   -18
  1158,     2,    -5,     6,   -18
  1159,     2,    -6,     6,   -18
  1160,     2,    -7,     6,   -18
  1161,     2,    -7,     6,   -19
  1162,     2,    -8,     6,   -19
  1163,     2,    -8,     5,   -19
  1164,     2,    -8,     5,   -18
  1165,     2,    -9,     5,   -18
  1166,     2,    -9,     5,   -19
  1167,     2,   -10,     5,   -19
  1168,     2,   -10,     5,   -18
  1169,     2,   -10,     6,   -18
  1170,     2,   -11,     6,   -18
  1171,     2,   -11,     6,   -19
  1172,     2,   -11,     7,   -19
  1173,     2,   -12,     7,   -19
  1174,     2,   -12,     7,   -20
  1175,     2,   -12,     7,   -21
  1176,     2,   -13,     7,   -21
  1177,     2,   -13,     6,   -21
  1178,     2,   -14,     6,   -21
  1179,     2,   -14,     5,   -21
  1180,     2,   -14,     5,   -22
  1181,     2,   -14,     4,   -22
  1182,     2,   -13,     4,   -22
  1183,     2,   -13,     4,   -21
  1184,     2,   -13,     3,   -21
  1185,     2,   -13,     2,   -21
  1186,     2,   -12,     2,   -21
  1187,     2,   -12,     1,   -21
  1188,     2,   -11,     1,   -21
  1189,     2,   -11,     1,   -20
  1190,     2,   -11,     1,   -19
  1191,     2,   -10,     1,   -19
  1192,     2,    -9,     1,   -19
  1193,     2,    -9,     1,   -18
  1194,     2,    -9,     0,   -18
  1195,     2,    -9,     0,   -19
  1196,     2,   -10,     0,   -19
  1197,     2,   -10,    -1,   -19
  1198,     2,    -9,    -1,   -19
  1199,     2,    -8,    -1,   -19
  1200,     2,    -8,     0,   -19
  1201,     2,    -7,     0,   -19
  1202,     2,    -7,    -1,   -19
  1203,     2,    -6,    -1,   -19
  1204,     2,    -6,     0,   -19
  1205,     2,    -6,     0,   -20
  1206,     2,    -5,     0,   -20
  1207,     2,    -5,    -1,   -20
  1208,     2,    -5,    -1,   -19
  1209,     2,    -5,    -2,   -19
  1210,     2,    -6,    -2,   -19
  1211,     2,    -6,    -3,   -19
  1212,     2,    -6,    -3,   -20
  1213,     2,    -6,    -4,   -20
  1214,     2,    -5,    -4,   -20
  1215,     2,    -5,    -4,   -19
  1216,     2,    -5,    -5,   -19
  1217,     2,    -6,    -5,   -19
  1218,     2,    -6,    -6,   -19
  1219,     2,    -6,    -7,   -19
  1220,     2,    -7,    -7,   -19
  1221,     2,    -7,    -8,   -19
  1222,     2,    -7,    -8,   -20
  1223,     2,    -7,    -9,   -20
  1224,     2,    -7,    -9,   -19
  1225,     2,    -8,    -9,   -19
  1226,     2,    -9,    -9,   -19
  1227,     2,   -10,    -9,   -19
  1228,     2,   -10,    -9,   -18
  1229,     2,   -10,    -9,   -17
  1230,     2,   -10,    -9,   -16
  1231,     2,   -10,    -9,   -15
  1232,     2,   -10,    -8,   -15
  1233,     2,   -11,    -8,   -15
  1234,     2,   -11,    -8,   -16
  1235,     2,   -11,    -7,   -16
  1236,     2,   -11,    -7,   -17
  1237,     2,   -11,    -6,   -17
  1238,     2,   -11,    -5,   -17
  1239,     2,   -11,    -5,   -18
  1240,     2,   -11,    -6,   -18
  1241,     2,   -11,    -6,   -19
  1242,     2,   -12,    -6,   -19
  1243,     2,   -13,    -6,   -19
  1244,     2,   -13,    -5,   -19
  1245,     2,   -13,    -5,   -20
  1246,     2,   -13,    -4,   -20
  1247,     2,   -12,    -4,   -20
  1248,     2,   -12,    -4,   -21
  1249,     2,   -12,    -4,   -22
  1250,     2,   -12,    -3,   -22
  1251,     2,   -12,    -3,   -23
  1252,     2,   -11,    -3,   -23
  1253,     2,   -11,    -4,   -23
  1254,     2,   -11,    -5,   -23
  1255,     2,   -11,    -5,   -24
  1256,     2,   -12,    -5,   -24
  1257,     2,   -12,    -6,   -24
  1258,     2,   -12,    -6,   -25
  1259,     2,   -11,    -6,   -25
  1260,     2,   -10,    -6,   -25
  1261,     2,    -9,    -6,   -25
  1262,     2,    -9,    -5,   -25
  1263,     2,    -9,    -5,   -24
  1264,     2,    -9,    -4,   -24
  1265,     2,   -10,    -4,   -24
  1266,     2,   -10,    -4,   -25
  1267,     2,   -10,    -4,   -26
  1268,     2,   -10,    -4,   -27
  1269,     2,   -10,    -3,   -27
  1270,     2,    -9,    -3,   -27
  1271,     2,    -9,    -2,   -27
  1272,     2,   -10,    -2,   -27
  1273,     2,   -11,    -2,   -27
  1274,     2,   -12,    -2,   -27
  1275,     2,   -13,    -2,   -27
  1276,     2,   -14,    -2,   -27
  1277,     2,   -14,    -2,   -28
  1278,     2,   -15,    -2,   -28
  1279,     2,   -15,    -3,   -28
  1280,     2,   -16,    -3,   -28
  1281,     2,   -16,    -3,   -27
  1282,     2,   -16,    -3,   -26
  1283,     2,   -16,    -3,   -25
  1284,     2,   -16,    -4,   -25
  1285,     2,   -16,    -5,   -25
  1286,     2,   -16,    -6,   -25
  1287,     2,   -16,    -7,   -25
  1288,     2,   -16,    -7,   -24
  1289,     2,   -17,    -7,   -24
  1290,     2,   -18,    -7,   -24
  1291,     2,   -18,    -8,   -24
  1292,     2,   -18,    -8,   -25
  1293,     2,   -18,    -9,   -25
  1294,     2,   -17,    -9,   -25
  1295,     2,   -16,    -9,   -25
  1296,     2,   -16,   -10,   -25
  1297,     2,   -16,   -10,   -24
  1298,     2,   -16,   -10,   -23
  1299,     2,   -16,   -11,   -23
  1300,     2,   -17,   -11,   -23
  1301,     1,   -17,   -12,   -23
  1302,     1,   -17,   -12,   -24
  1303,     1,   -16,   -12,   -24
  1304,     1,   -15,   -12,   -24
  1305,     1,   -14,   -12,   -24
  1306,     1,   -14,   -12,   -23
  1307,     1,   -14,   -12,   -22
  1308,     1,   -13,   -12,   -22
  1309,     1,   -12,   -12,   -22
  1310,     1,   -11,   -12,   -22
  1311,     1,   -10,   -12,   -22
  1312,     1,   -10,   -12,   -21
  1313,     1,   -11,   -12,   -21
  1314,     1,   -11,   -12,   -20
  1315,     1,   -11,   -12,   -19
  1316,     1,   -11,   -13,   -19
  1317,     1,   -11,   -13,   -20
  1318,     1,   -12,   -13,   -20
  1319,     1,   -13,   -13,   -20
  1320,     1,   -14,   -13,   -20
  1321,     1,   -15,   -13,   -20
  1322,     1,   -15,   -13,   -19
  1323,     1,   -15,   -13,   -18
  1324,     1,   -14,   -13,   -18
  1325,     1,   -13,   -13,   -18
  1326,     1,   -13,   -14,   -18
  1327,     1,   -13,   -15,   -18
  1328,     1,   -13,   -16,   -18
  1329,     1,   -13,   -17,   -18
  1330,     1,   -13,   -17,   -19
  1331,     1,   -14,   -17,   -19
  1332,     1,   -14,   -18,   -19
  1333,     1,   -14,   -19,   -19
  1334,     1,   -14,   -19,   -20
  1335,     1,   -14,   -19,   -21
  1336,     1,   -14,   -20,   -21
  1337,     1,   -14,   -21,   -21
  1338,     1,   -13,   -21,   -21
  1339,     1,   -12,   -21,   -21
  1340,     1,   -12,   -20,   -21
  1341,     1,   -12,   -19,   -21
  1342,     1,   -12,   -18,   -21
  1343,     1,   -12,   -17,   -21
  1344,     1,   -12,   -17,   -22
  1345,     1,   -12,   -17,   -23
  1346,     1,   -12,   -18,   -23
  1347,     1,   -12,   -19,   -23
  1348,     1,   -12,   -20,   -23
  1349,     1,   -12,   -20,   -24
  1350,     1,   -13,   -20,   -24
  1351,     1,   -14,   -20,   -24
  1352,     1,   -14,   -21,   -24
  1353,     1,   -14,   -22,   -24
  1354,     1,   -13,   -22,   -24
  1355,     1,   -12,   -22,   -24
  1356,     1,   -12,   -23,   -24
  1357,     1,   -12,   -24,   -24
  1358,     1,   -12,   -25,   -24
  1359,     1,   -12,   -26,   -24
  1360,     1,   -12,   -26,   -23
  1361,     1,   -12,   -26,   -22
  1362,     1,   -12,   -27,   -22
  1363,     1,   -12,   -28,   -22
  1364,     1,   -12,   -29,   -22
  1365,     1,   -12,   -30,   -22
  1366,     1,   -12,   -31,   -22
  1367,     1,   -12,   -31,   -21
  1368,     1,   -12,   -31,   -20
  1369,     1,   -12,   -32,   -20
  1370,     1,   -12,   -33,   -20
  1371,     1,   -12,   -34,   -20
  1372,     1,   -12,   -35,   -20
  1373,     1,   -12,   -36,   -20
  1374,     1,   -12,   -36,   -19
  1375,     1,   -12,   -36,   -18
  1376,     1,   -13,   -36,   -18
  1377,     1,   -13,   -36,   -19
  1378,     1,   -13,   -35,   -19
  1379,     1,   -12,   -35,   -19
  1380,     1,   -12,   -35,   -18
  1381,     1,   -12,   -35,   -17
  1382,     1,   -13,   -35,   -17
  1383,     1,   -13,   -34,   -17
  1384,     1,   -13,   -33,   -17
  1385,     1,   -13,   -32,   -17
  1386,     1,   -14,   -32,   -17
  1387,     1,   -15,   -32,   -17
  1388,     1,   -16,   -32,   -17
  1389,     1,   -16,   -32,   -16
  1390,     1,   -16,   -33,   -16
  1391,     1,   -16,   -34,   -16
  1392,     1,   -16,   -35,   -16
  1393,     1,   -16,   -36,   -16
  1394,     1,   -16,   -37,   -16
  1395,     1,   -17,   -37,   -16
  1396,     1,   -17,   -36,   -16
  1397,     1,   -18,   -36,   -16
  1398,     1,   -18,   -37,   -16
  1399,     1,   -19,   -37,   -16
  1400,     1,   -20,   -37,   -16
  1401,     3,   -20,   -38,   -16
  1402,     3,   -20,   -39,   -16
  1403,     3,   -20,   -40,   -16
  1404,     3,   -20,   -40,   -17
  1405,     3,   -19,   -40,   -17
  1406,     3,   -19,   -39,   -17
  1407,     3,   -19,   -39,   -18
  1408,     3,   -20,   -39,   -18
  1409,     3,   -21,   -39,   -18
  1410,     3,   -21,   -39,   -17
  1411,     3,   -22,   -39,   -17
  1412,     3,   -22,   -40,   -17
  1413,     3,   -22,   -40,   -16
  1414,     3,   -22,   -40,   -15
  1415,     3,   -22,   -41,   -15
  1416,     3,   -22,   -41,   -14
  1417,     3,   -21,   -41,   -14
  1418,     3,   -21,   -42,   -14
  1419,     3,   -21,   -42,   -13
  1420,     3,   -20,   -42,   -13
  1421,     3,   -20,   -42,   -12
  1422,     3,   -20,   -41,   -12
  1423,     3,   -20,   -40,   -12
  1424,     3,   -21,   -40,   -12
  1425,     3,   -21,   -40,   -13
  1426,     3,   -20,   -40,   -13
  1427,     3,   -20,   -39,   -13
  1428,     3,   -19,   -39,   -13
  1429,     3,   -18,   -39,   -13
  1430,     3,   -18,   -39,   -12
  1431,     3,   -19,   -39,   -12
  1432,     3,   -19,   -40,   -12
  1433,     3,   -19,   -40,   -11
  1434,     3,   -18,   -40,   -11
  1435,     3,   -18,   -41,   -11
  1436,     3,   -17,   -41,   -11
  1437,     3,   -16,   -41,   -11
  1438,     3,   -16,   -41,   -10
  1439,     3,   -16,   -41,    -9
  1440,     3,   -16,   -41,    -8
  1441,     3,   -17,   -41,    -8
  1442,     3,   -17,   -42,    -8
  1443,     3,   -17,   -42,    -7
  1444,     3,   -17,   -42,    -6
  1445,     3,   -18,   -42,    -6
  1446,     3,   -18,   -43,    -6
  1447,     3,   -19,   -43,    -6
  1448,     3,   -19,   -43,    -7
  1449,     3,   -19,   -43,    -8
  1450,     3,   -19,   -42,    -8
  1451,     3,   -19,   -42,    -9
  1452,     3,   -19,   -42,   -10
  1453,     3,   -19,   -43,   -10
  1454,     3,   -19,   -44,   -10
  1455,     3,   -19,   -44,    -9
  1456,     3,   -19,   -44,    -8
  1457,     3,   -19,   -44,    -7
  1458,     3,   -19,   -44,    -6
  1459,     3,   -19,   -44,    -5
  1460,     3,   -18,   -44,    -5
  1461,     3,   -17,   -44,    -5
  1462,     3,   -17,   -44,    -4
  1463,     3,   -17,   -43,    -4
  1464,     3,   -16,   -43,    -4
  1465,     3,   -15,   -43,    -4
  1466,     3,   -14,   -43,    -4
  1467,     3,   -13,   -43,    -4
  1468,     3,   -13,   -43,    -5
  1469,     3,   -12,   -43,    -5
  1470,     3,   -12,   -42,    -5
  1471,     3,   -12,   -41,    -5
  1472,     3,   -11,   -41,    -5
  1473,     3,   -10,   -41,    -5
  1474,     3,   -10,   -41,    -6
  1475,     3,    -9,   -41,    -6
  1476,     3,    -8,   -41,    -6
  1477,     3,    -7,   -41,    -6
  1478,     3,    -7,   -41,    -5
  1479,     3,    -7,   -41,    -4
  1480,     3,    -7,   -41,    -3
  1481,     3,    -8,   -41,    -3
  1482,     3,    -8,   -42,    -3
  1483,     3,    -8,   -42,    -2
  1484,     3,    -7,   -42,    -2
  1485,     3,    -7,   -43,    -2
  1486,     3,    -7,   -44,    -2
  1487,     3,    -8,   -44,    -2
  1488,     3,    -8,   -44,    -3
  1489,     3,    -8,   -45,    -3
  1490,     3,    -8,   -45,    -2
  1491,     3,    -8,   -45,    -1
  1492,     3,    -8,   -45,     0
  1493,     3,    -8,   -44,     0
  1494,     3,    -8,   -44,     1
  1495,     3,    -9,   -44,     1
  1496,     3,    -9,   -44,     2
  1497,     3,    -9,   -44,     3
  1498,     3,    -9,   -44,     4
  1499,     3,    -9,   -44,     5
  1500,     3,   -10,   -44,     5
  1501,     3,   -10,   -45,     5
  1502,     3,   -11,   -45,     5
  1503,     3,   -11,   -45,     4
  1504,     3,   -11,   -46,     4
  1505,     3,   -12,   -46,     4
  1506,     3,   -12,   -47,     4
  1507,     3,   -12,   -47,     5
  1508,     3,   -11,   -47,     5
  1509,     3,   -11,   -47,     6
  1510,     3,   -11,   -46,     6
  1511,     3,   -10,   -46,     6
  1512,     3,    -9,   -46,     6
  1513,     3,    -8,   -46,     6
  1514,     3,    -8,   -45,     6
  1515,     3,    -8,   -44,     6
  1516,     3,    -8,   -43,     6
  1517,     3,    -9,   -43,     6
  1518,     3,    -9,   -43,     7
  1519,     3,    -9,   -42,     7
  1520,     3,    -8,   -42,     7
  1521,     3,    -8,   -41,     7
  1522,     3,    -8,   -41,     6
  1523,     3,    -8,   -41,     5
  1524,     3,    -8,   -41,     4
  1525,     3,    -8,   -41,     3
  1526,     3,    -8,   -42,     3
  1527,     3,    -8,   -42,     2
  1528,     3,    -7,   -42,     2
  1529,     3,    -7,   -41,     2
  1530,     3,    -7,   -40,     2
  1531,     3,    -6,   -40,     2
  1532,     3,    -5,   -40,     2
  1533,     3,    -5,   -40,     1
  1534,     3,    -4,   -40,     1
  1535,     3,    -3,   -40,     1
  1536,     3,    -3,   -40,     0
  1537,     3,    -3,   -39,     0
  1538,     3,    -4,   -39,     0
  1539,     3,    -4,   -39,     1
  1540,     3,    -4,   -39,     2
  1541,     3,    -3,   -39,     2
  1542,     3,    -2,   -39,     2
  1543,     3,    -2,   -39,     3
  1544,     3,    -2,   -39,     4
  1545,     3,    -3,   -39,     4
  1546,     3,    -3,   -40,     4
  1547,     3,    -3,   -41,     4
  1548,     3,    -4,   -41,     4
  1549,     3,    -4,   -42,     4
  1550,     3,    -4,   -42,     5
  1551,     3,    -3,   -42,     5
  1552,     3,    -3,   -42,     6
  1553,     3,    -3,   -41,     6
  1554,     3,    -3,   -41,     7
  1555,     3,    -4,   -41,     7
  1556,     3,    -4,   -42,     7
  1557,     3,    -4,   -42,     8
  1558,     3,    -4,   -43,     8
  1559,     3,    -4,   -43,     9
  1560,     3,    -4,   -43,    10
  1561,     3,    -4,   -42,    10
  1562,     3,    -3,   -42,    10
  1563,     3,    -3,   -41,    10
  1564,     3,    -2,   -41,    10
  1565,     3,    -2,   -41,    11
  1566,     3,    -1,   -41,    11
  1567,     3,    -1,   -42,    11
  1568,     3,    -1,   -42,    10
  1569,     3,     0,   -42,    10
  1570,     3,     0,   -41,    10
  1571,     3,     0,   -40,    10
  1572,     3,     0,   -39,    10
  1573,     3,     0,   -38,    10
  1574,     3,     0,   -38,    11
  1575,     3,    -1,   -38,    11
  1576,     3,    -1,   -39,    11
  1577,     3,    -1,   -39,    12
  1578,     3,    -1,   -39,    13
  1579,     3,    -1,   -40,    13
  1580,     3,     0,   -40,    13
  1581,     3,     0,   -40,    12
  1582,     3,     1,   -40,    12
  1583,     3,     1,   -39,    12
  1584,     3,     2,   -39,    12
  1585,     3,     3,   -39,    12
  1586,     3,     3,   -39,    13
  1587,     3,     3,   -38,    13
  1588,     3,     3,   -37,    13
  1589,     3,     2,   -37,    13
  1590,     3,     2,   -37,    12
  1591,     3,     2,   -38,    12
  1592,     3,     1,   -38,    12
  1593,     3,     1,   -37,    12
  1594,     3,     1,   -37,    13
  1595,     3,     1,   -36,    13
  1596,     3,     2,   -36,    13
  1597,     3,     2,   -35,    13
  1598,     3,     2,   -35,    12
  1599,     3,     1,   -35,    12
  1600,     3,     1,   -34,    12
  1601,     1,     1,   -34,    13
  1602,     1,     1,   -34,    14
  1603,     1,     1,   -33,    14
  1604,     1,     0,   -33,    14
  1605,     1,    -1,   -33,    14
  1606,     1,    -2,   -33,    14
  1607,     1,    -2,   -32,    14
  1608,     1,    -2,   -31,    14
  1609,     1,    -2,   -30,    14
  1610,     1,    -2,   -30,    15
  1611,     1,    -2,   -30,    16
  1612,     1,    -2,   -31,    16
  1613,     1,    -1,   -31,    16
  1614,     1,     0,   -31,    16
  1615,     1,     0,   -31,    15
  1616,     1,     0,   -31,    14
  1617,     1,     0,   -31,    13
  1618,     1,     0,   -31,    12
  1619,     1,     1,   -31,    12
  1620,     1,     2,   -31,    12
  1621,     1,     3,   -31,    12
  1622,     1,     3,   -31,    11
  1623,     1,     3,   -30,    11
  1624,     1,     3,   -30,    12
  1625,     1,     3,   -29,    12
  1626,     1,     3,   -28,    12
  1627,     1,     3,   -27,    12
  1628,     1,     4,   -27,    12
  1629,     1,     4,   -27,    13
  1630,     1,     4,   -27,    14
  1631,     1,     4,   -27,    15
  1632,     1,     3,   -27,    15
  1633,     1,     3,   -26,    15
  1634,     1,     3,   -25,    15
  1635,     1,     4,   -25,    15
  1636,     1,     5,   -25,    15
  1637,     1,     5,   -25,    14
  1638,     1,     5,   -25,    13
  1639,     1,     5,   -25,    12
  1640,     1,     5,   -25,    11
  1641,     1,     5,   -26,    11
  1642,     1,     4,   -26,    11
  1643,     1,     3,   -26,    11
  1644,     1,     2,   -26,    11
  1645,     1,     1,   -26,    11
  1646,     1,     0,   -26,    11
  1647,     1,     0,   -27,    11
  1648,     1,     0,   -27,    10
  1649,     1,     0,   -27,     9
  1650,     1,     0,   -28,     9
  1651,     1,    -1,   -28,     9
  1652,     1,    -2,   -28,     9
  1653,     1,    -3,   -28,     9
  1654,     1,    -3,   -28,     8
  1655,     1,    -3,   -28,     7
  1656,     1,    -2,   -28,     7
  1657,     1,    -2,   -27,     7
  1658,     1,    -1,   -27,     7
  1659,     1,     0,   -27,     7
  1660,     1,     0,   -27,     8
  1661,     1,     0,   -26,     8
  1662,     1,     0,   -25,     8
  1663,     1,     0,   -25,     7
  1664,     1,     0,   -25,     6
  1665,     1,     0,   -26,     6
  1666,     1,     0,   -26,     5
  1667,     1,     0,   -26,     4
  1668,     1,     0,   -26,     3
  1669,     1,     1,   -26,     3
  1670,     1,     2,   -26,     3
  1671,     1,     2,   -26,     4
  1672,     1,     2,   -25,     4
  1673,     1,     2,   -24,     4
  1674,     1,     1,   -24,     4
  1675,     1,     1,   -24,     5
  1676,     1,     1,   -24,     6
  1677,     1,     1,   -24,     7
  1678,     1,     1,   -25,     7
  1679,     1,     1,   -26,     7
  1680,     1,     1,   -27,     7
  1681,     1,     1,   -28,     7
  1682,     1,     1,   -29,     7
  1683,     1,     1,   -29,     6
  1684,     1,     0,   -29,     6
  1685,     1,     0,   -29,     5
  1686,     1,     0,   -29,     4
  1687,     1,     0,   -29,     3
  1688,     1,    -1,   -29,     3
  1689,     1,    -2,   -29,     3
  1690,     1,    -3,   -29,     3
  1691,     1,    -3,   -30,     3
  1692,     1,    -3,   -31,     3
  1693,     1,    -3,   -32,     3
  1694,     1,    -2,   -32,     3
  1695,     1,    -1,   -32,     3
  1696,     1,    -1,   -31,     3
  1697,     1,    -1,   -30,     3
  1698,     1,    -1,   -30,     2
  1699,     1,    -1,   -30,     1
  1700,     1,    -1,   -30,     0
  1701,     1,     0,   -30,     0
  1702,     1,     1,   -30,     0
  1703,     1,     1,   -31,     0
  1704,     1,     1,   -31,    -1
  1705,     1,     0,   -31,    -1
  1706,     1,    -1,   -31,    -1
  1707,     1,    -1,   -32,    -1
  1708,     1,    -1,   -32,    -2
  1709,     1,    -1,   -32,    -3
  1710,     1,    -1,   -32,    -4
  1711,     1,     0,   -32,    -4
  1712,     1,     0,   -31,    -4
  1713,     1,     0,   -30,    -4
  1714,     1,     0,   -29,    -4
  1715,     1,    -1,   -29,    -4
  1716,     1,    -2,   -29,    -4
  1717,     1,    -3,   -29,    -4
  1718,     1,    -4,   -29,    -4
  1719,     1,    -4,   -29,    -3
  1720,     1,    -4,   -30,    -3
  1721,     1,    -4,   -31,    -3
  1722,     1,    -4,   -31,    -2
  1723,     1,    -4,   -31,    -1
  1724,     1,    -4,   -31,     0
  1725,     1,    -4,   -30,     0
  1726,     1,    -5,   -30,     0
  1727,     1,    -6,   -30,     0
  1728,     1,    -6,   -31,     0
  1729,     1,    -6,   -32,     0
  1730,     1,    -6,   -33,     0
  1731,     1,    -6,   -34,     0
  1732,     1,    -5,   -34,     0
  1733,     1,    -4,   -34,     0
  1734,     1,    -4,   -35,     0
  1735,     1,    -4,   -36,     0
  1736,     1,    -4,   -36,    -1
  1737,     1,    -4,   -36,    -2
  1738,     1,    -3,   -36,    -2
  1739,     1,    -3,   -37,    -2
  1740,     1,    -3,   -38,    -2
  1741,     1,    -3,   -39,    -2
  1742,     1,    -3,   -40,    -2
  1743,     1,    -4,   -40,    -2
  1744,     1,    -5,   -40,    -2
  1745,     1,    -5,   -40,    -3
  1746,     1,    -5,   -39,    -3
  1747,     1,    -5,   -38,    -3
  1748,     1,    -4,   -38,    -3
  1749,     1,    -4,   -38,    -4
  1750,     1,    -4,   -37,    -4
  1751,     1,    -4,   -36,    -4
  1752,     1,    -3,   -36,    -4
  1753,     1,    -3,   -36,    -5
  1754,     1,    -3,   -36,    -6
  1755,     1,    -3,   -36,    -7
  1756,     1,    -3,   -37,    -7
  1757,     1,    -3,   -38,    -7
  1758,     1,    -3,   -39,    -7
  1759,     1,    -2,   -39,    -7
  1760,     1,    -1,   -39,    -7
  1761,     1,     0,   -39,    -7
  1762,     1,     0,   -39,    -8
  1763,     1,     0,   -39,    -9
  1764,     1,     0,   -38,    -9
  1765,     1,     0,   -38,    -8
  1766,     1,     0,   -38,    -7
  1767,     1,     0,   -38,    -6
  1768,     1,     0,   -38,    -5
  1769,     1,     1,   -38,    -5
  1770,     1,     1,   -37,    -5
  1771,     1,     1,   -36,    -5
  1772,     1,     1,   -35,    -5
  1773,     1,     0,   -35,    -5
  1774,     1,    -1,   -35,    -5
  1775,     1,    -2,   -35,    -5
  1776,     1,    -2,   -35,    -6
  1777,     1,    -2,   -35,    -7
  1778,     1,    -2,   -35,    -8
  1779,     1,    -2,   -34,    -8
  1780,     1,    -1,   -34,    -8
  1781,     1,     0,   -34,    -8
  1782,     1,     1,   -34,    -8
  1783,     1,     2,   -34,    -8
  1784,     1,     2,   -33,    -8
  1785,     1,     2,   -32,    -8
  1786,     1,     2,   -32,    -9
  1787,     1,     1,   -32,    -9
  1788,     1,     0,   -32,    -9
  1789,     1,     0,   -33,    -9
  1790,     1,     0,   -33,    -8
  1791,     1,     0,   -33,    -7
  1792,     1,     0,   -33,    -6
  1793,     1,    -1,   -33,    -6
  1794,     1,    -2,   -33,    -6
  1795,     1,    -2,   -33,    -7
  1796,     1,    -3,   -33,    -7
  1797,     1,    -4,   -33,    -7
  1798,     1,    -4,   -32,    -7
  1799,     1,    -4,   -31,    -7
  1800,     5,    -4,   -30,    -7
  1801,     1,    -4,   -30,    -6
  1802,     1,    -3,   -30,    -6
  1803,     1,    -2,   -30,    -6
  1804,     1,    -2,   -30,    -5
  1805,     1,    -2,   -29,    -5
  1806,     1,    -2,   -28,    -5
  1807,     1,    -2,   -28,    -4
  1808,     1,    -2,   -28,    -3
  1809,     1,    -2,   -28,    -2
  1810,     1,    -3,   -28,    -2
  1811,     1,    -3,   -27,    -2
  1812,     1,    -3,   -26,    -2
  1813,     1,    -2,   -26,    -2
  1814,     1,    -2,   -26,    -3
  1815,     1,    -1,   -26,    -3
  1816,     1,     0,   -26,    -3
  1817,     1,     0,   -27,    -3
  1818,     1,     0,   -27,    -4
  1819,     1,     0,   -27,    -5
  1820,     1,     1,   -27,    -5
  1821,     1,     2,   -27,    -5
  1822,     1,     3,   -27,    -5
  1823,     1,     4,   -27,    -5
  1824,     1,     4,   -27,    -6
  1825,     1,     4,   -28,    -6
  1826,     1,     4,   -29,    -6
  1827,     1,     4,   -29,    -5
  1828,     1,     3,   -29,    -5
  1829,     1,     2,   -29,    -5
  1830,     1,     1,   -29,    -5
  1831,     1,     1,   -28,    -5
  1832,     1,     1,   -28,    -6
  1833,     1,     1,   -28,    -7
  1834,     1,     1,   -28,    -8
  1835,     1,     1,   -27,    -8
  1836,     1,     2,   -27,    -8
  1837,     1,     2,   -27,    -7
  1838,     1,     1,   -27,    -7
  1839,     1,     1,   -26,    -7
  1840,     1,     1,   -25,    -7
  1841,     1,     1,   -25,    -8
  1842,     1,     1,   -25,    -9
  1843,     1,     2,   -25,    -9
  1844,     1,     3,   -25,    -9
  1845,     1,     4,   -25,    -9
  1846,     1,     5,   -25,    -9
  1847,     1,     6,   -25,    -9
  1848,     1,     6,   -25,   -10
  1849,     1,     6,   -25,   -11
  1850,     1,     5,   -25,   -11
  1851,     1,     4,   -25,   -11
  1852,     1,     4,   -25,   -12
  1853,     1,     4,   -25,   -13
  1854,     1,     3,   -25,   -13
  1855,     1,     2,   -25,   -13
  1856,     1,     1,   -25,   -13
  1857,     1,     0,   -25,   -13
  1858,     1,     0,   -25,   -14
  1859,     1,     0,   -24,   -14
  1860,     1,     0,   -23,   -14
  1861,     1,     0,   -22,   -14
  1862,     1,     1,   -22,   -14
  1863,     1,     2,   -22,   -14
  1864,     1,     3,   -22,   -14
  1865,     1,     3,   -22,   -15
  1866,     1,     3,   -23,   -15
  1867,     1,     3,   -23,   -16
  1868,     1,     3,   -23,   -17
  1869,     1,     4,   -23,   -17
  1870,     1,     4,   -24,   -17
  1871,     1,     4,   -25,   -17
  1872,     1,     5,   -25,   -17
  1873,     1,     5,   -25,   -16
  1874,     1,     5,   -25,   -15
  1875,     1,     5,   -24,   -15
  1876,     1,     6,   -24,   -15
  1877,     1,     7,   -24,   -15
  1878,     1,     7,   -24,   -16
  1879,     1,     7,   -24,   -17
  1880,     1,     7,   -24,   -18
  1881,     1,     7,   -24,   -19
  1882,     1,     7,   -25,   -19
  1883,     1,     7,   -26,   -19
  1884,     1,     8,   -26,   -19
  1885,     1,     8,   -26,   -18
  1886,     1,     8,   -26,   -17
  1887,     1,     8,   -26,   -16
  1888,     1,     8,   -27,   -16
  1889,     1,     8,   -28,   -16
  1890,     1,     8,   -29,   -16
  1891,     1,     8,   -30,   -16
  1892,     1,     8,   -31,   -16
  1893,     1,     8,   -32,   -16
  1894,     1,     8,   -33,   -16
  1895,     1,     8,   -34,   -16
  1896,     1,     8,   -35,   -16
  1897,     1,     8,   -35,   -15
  1898,     1,     8,   -35,   -14
  1899,     1,     8,   -36,   -14
  1900,     1,     8,   -37,   -14
  1901,     1,     9,   -37,   -14
  1902,     1,    10,   -37,   -14
  1903,     1,    11,   -37,   -14
  1904,     1,    11,   -36,   -14
  1905,     1,    11,   -35,   -14
  1906,     1,    11,   -34,   -14
  1907,     1,    11,   -33,   -14
  1908,     1,    10,   -33,   -14
  1909,     1,     9,   -33,   -14
  1910,     1,     9,   -33,   -15
  1911,     1,     9,   -32,   -15
  1912,     1,     9,   -31,   -15
  1913,     1,     9,   -31,   -16
  1914,     1,     9,   -31,   -17
  1915,     1,     9,   -30,   -17
  1916,     1,     9,   -29,   -17
  1917,     1,     9,   -28,   -17
  1918,     1,     9,   -27,   -17
  1919,     1,     9,   -26,   -17
  1920,     1,     9,   -25,   -17
  1921,     1,     9,   -24,   -17
  1922,     1,     9,   -23,   -17
  1923,     1,     9,   -23,   -18
  1924,     1,     8,   -23,   -18
  1925,     1,     8,   -22,   -18
  1926,     1,     8,   -21,   -18
  1927,     1,     8,   -20,   -18
  1928,     1,     8,   -19,   -18
  1929,     1,     9,   -19,   -18
  1930,     1,    10,   -19,   -18
  1931,     1,    10,   -18,   -18
  1932,     1,    10,   -17,   -18
  1933,     1,    10,   -16,   -18
  1934,     1,    10,   -16,   -19
  1935,     1,     9,   -16,   -19
  1936,     1,     8,   -16,   -19
  1937,     1,     7,   -16,   -19
  1938,     1,     7,   -17,   -19
  1939,     1,     7,   -18,   -19
  1940,     1,     8,   -18,   -19
  1941,     1,     8,   -18,   -18
  1942,     1,     8,   -18,   -17
  1943,     1,     8,   -18,   -16
  1944,     1,     8,   -18,   -15
  1945,     1,     8,   -19,   -15
  1946,     1,     8,   -20,   -15
  1947,     1,     8,   -20,   -16
  1948,     1,     7,   -20,   -16
  1949,     1,     6,   -20,   -16
  1950,     1,     6,   -20,   -17
  1951,     1,     6,   -19,   -17
  1952,     1,     5,   -19,   -17
  1953,     1,     4,   -19,   -17
  1954,     1,     4,   -20,   -17
  1955,     1,     4,   -20,   -16
  1956,     1,     4,   -20,   -15
  1957,     1,     4,   -20,   -14
  1958,     1,     5,   -20,   -14
  1959,     1,     5,   -19,   -14
  1960,     1,     5,   -18,   -14
  1961,     1,     4,   -18,   -14
  1962,     1,     4,   -19,   -14
  1963,     1,     4,   -19,   -13
  1964,     1,     5,   -19,   -13
  1965,     1,     5,   -19,   -12
  1966,     1,     5,   -19,   -11
  1967,     1,     6,   -19,   -11
  1968,     1,     7,   -19,   -11
  1969,     1,     8,   -19,   -11
  1970,     1,     8,   -18,   -11
  1971,     1,     7,   -18,   -11
  1972,     1,     7,   -17,   -11
  1973,     1,     7,   -16,   -11
  1974,     1,     7,   -15,   -11
  1975,     1,     8,   -15,   -11
  1976,     1,     9,   -15,   -11
  1977,     1,     9,   -16,   -11
  1978,     1,     9,   -16,   -12
  1979,     1,     9,   -16,   -13
  1980,     1,    10,   -16,   -13
  1981,     1,    11,   -16,   -13
  1982,     1,    11,   -15,   -13
  1983,     1,    11,   -14,   -13
  1984,     1,    11,   -14,   -12
  1985,     1,    11,   -14,   -11
  1986,     1,    11,   -13,   -11
  1987,     1,    11,   -12,   -11
  1988,     1,    12,   -12,   -11
  1989,     1,    12,   -13,   -11
  1990,     1,    12,   -13,   -10
  1991,     1,    12,   -13,    -9
  1992,     1,    12,   -12,    -9
  1993,     1,    13,   -12,    -9
  1994,     1,    14,   -12,    -9
  1995,     1,    14,   -13,    -9
  1996,     1,    14,   -14,    -9
  1997,     1,    14,   -14,   -10
  1998,     1,    14,   -13,   -10
  1999,     1,    14,   -13,   -11
  2000,     1,    14,   -14,   -11
