 -29, -13,  21
 -29, -13,  20
 -29, -13,  19
 -29, -13,  18
 -29, -13,  17
 -29, -14,  17
 -28, -14,  17
 -27, -14,  17
 -27, -15,  17
 -27, -15,  16
 -26, -15,  16
 -25, -15,  16
 -25, -15,  15
 -25, -16,  15
 -25, -17,  15
 -25, -18,  15
 -25, -19,  15
 -26, -19,  15
 -26, -19,  14
 -26, -19,  13
 -25, -19,  13
 -25, -18,  13
 -25, -17,  13
 -25, -16,  13
 -24, -16,  13
 -23, -16,  13
 -23, -15,  13
 -23, -14,  13
 -24, -14,  13
 -25, -14,  13
 -26, -14,  13
 -27, -14,  13
 -28, -14,  13
 -29, -14,  13
 -30, -14,  13
 -30, -14,  14
 -30, -14,  15
 -30, -14,  16
 -31, -14,  16
 -32, -14,  16
 -32, -14,  15
 -32, -14,  14
 -32, -14,  13
 -32, -14,  12
 -32, -13,  12
 -32, -12,  12
 -32, -12,  13
 -32, -11,  13
 -32, -10,  13
 -33, -10,  13
 -34, -10,  13
 -35, -10,  13
 -35, -10,  14
 -35,  -9,  14
 -35,  -8,  14
 -35,  -7,  14
 -35,  -6,  14
 -35,  -5,  14
 -35,  -5,  13
 -35,  -5,  12
 -35,  -5,  11
 -35,  -4,  11
 -35,  -3,  11
 -36,  -3,  11
 -37,  -3,  11
 -37,  -2,  11
 -37,  -1,  11
 -37,   0,  11
 -38,   0,  11
 -39,   0,  11
 -40,   0,  11
 -40,   0,  10
 -40,  -1,  10
 -40,  -2,  10
 -40,  -2,  11
 -40,  -2,  12
 -39,  -2,  12
 -39,  -1,  12
 -40,  -1,  12
 -41,  -1,  12
 -42,  -1,  12
 -43,  -1,  12
 -43,  -1,  11
 -43,  -1,  10
 -43,  -1,   9
 -43,  -1,   8
 -43,  -1,   7
 -43,  -1,   6
 -43,   0,   6
 -44,   0,   6
 -45,   0,   6
 -45,   0,   5
 -45,   0,   4
 -45,   0,   3
 -45,   0,   2
 -45,   0,   1
 -45,  -1,   1
 -46,  -1,   1
 -47,  -1,   1
 -47,   0,   1
 -47,   1,   1
 -48,   1,   1
 -49,   1,   1
 -49,   0,   1
 -49,  -1,   1
 -49,  -2,   1
 -49,  -3,   1
 -49,  -4,   1
 -49,  -4,   0
 -48,  -4,   0
 -47,  -4,   0
 -47,  -3,   0
 -47,  -2,   0
 -46,  -2,   0
 -45,  -2,   0
 -44,  -2,   0
 -44,  -3,   0
 -44,  -4,   0
 -44,  -5,   0
 -44,  -6,   0
 -44,  -7,   0
 -43,  -7,   0
 -42,  -7,   0
 -41,  -7,   0
 -40,  -7,   0
 -40,  -6,   0
 -40,  -5,   0
 -39,  -5,   0
 -38,  -5,   0
 -37,  -5,   0
 -36,  -5,   0
 -35,  -5,   0
 -35,  -5,   1
 -36,  -5,   1
 -36,  -4,   1
 -36,  -3,   1
 -36,  -2,   1
 -35,  -2,   1
 -34,  -2,   1
 -33,  -2,   1
 -33,  -2,   2
 -33,  -1,   2
 -33,   0,   2
 -33,   1,   2
 -33,   1,   3
 -32,   1,   3
 -31,   1,   3
 -31,   2,   3
 -31,   3,   3
 -32,   3,   3
 -33,   3,   3
 -34,   3,   3
 -34,   4,   3
 -33,   4,   3
 -33,   5,   3
 -33,   6,   3
 -33,   7,   3
 -33,   8,   3
 -32,   8,   3
 -31,   8,   3
 -31,   8,   4
 -31,   8,   5
 -31,   8,   6
 -31,   8,   7
 -31,   8,   8
 -30,   8,   8
 -29,   8,   8
 -28,   8,   8
 -27,   8,   8
 -26,   8,   8
 -25,   8,   8
 -25,   9,   8
 -25,   9,   9
 -26,   9,   9
 -27,   9,   9
 -27,  10,   9
 -27,  10,  10
 -28,  10,  10
 -29,  10,  10
 -30,  10,  10
 -30,   9,  10
 -30,   8,  10
 -30,   7,  10
 -29,   7,  10
 -28,   7,  10
 -27,   7,  10
 -26,   7,  10
 -25,   7,  10
 -24,   7,  10
 -23,   7,  10
 -22,   7,  10
 -22,   6,  10
 -22,   5,  10
 -22,   5,  11
 -21,   5,  11
 -21,   6,  11
 -21,   7,  11
 -21,   8,  11
 -21,   9,  11
 -21,  10,  11
 -21,  10,  12
 -21,  10,  13
 -22,  10,  13
 -22,  11,  13
 -22,  11,  12
 -22,  11,  11
 -21,  11,  11
 -20,  11,  11
 -19,  11,  11
 -18,  11,  11
 -18,  10,  11
 -18,   9,  11
 -18,   8,  11
 -18,   7,  11
 -18,   6,  11
 -18,   5,  11
 -18,   4,  11
 -18,   4,  12
 -18,   4,  13
 -18,   4,  14
 -17,   4,  14
 -17,   3,  14
 -17,   2,  14
 -17,   1,  14
 -17,   1,  15
 -16,   1,  15
 -16,   1,  14
 -16,   1,  13
 -16,   0,  13
 -16,  -1,  13
 -16,  -2,  13
 -16,  -2,  12
 -16,  -2,  11
 -16,  -2,  10
 -16,  -2,   9
 -16,  -1,   9
 -16,  -1,  10
 -16,   0,  10
 -16,   1,  10
 -16,   1,   9
 -16,   1,   8
 -17,   1,   8
 -17,   0,   8
 -17,  -1,   8
 -17,  -1,   9
 -17,  -1,  10
 -17,  -1,  11
 -17,  -2,  11
 -17,  -3,  11
 -17,  -4,  11
 -17,  -5,  11
 -18,  -5,  11
 -19,  -5,  11
 -20,  -5,  11
 -20,  -4,  11
 -19,  -4,  11
 -19,  -3,  11
 -19,  -2,  11
 -19,  -1,  11
 -19,   0,  11
 -20,   0,  11
 -21,   0,  11
 -22,   0,  11
 -23,   0,  11
 -23,   1,  11
 -23,   2,  11
 -23,   2,  10
 -23,   2,   9
 -23,   1,   9
 -23,   0,   9
 -23,  -1,   9
 -23,  -2,   9
 -23,  -3,   9
 -23,  -4,   9
 -23,  -4,  10
 -24,  -4,  10
 -25,  -4,  10
 -26,  -4,  10
 -27,  -4,  10
 -27,  -5,  10
 -27,  -5,   9
 -27,  -6,   9
 -27,  -7,   9
 -27,  -7,   8
 -27,  -7,   7
 -27,  -7,   6
 -27,  -8,   6
 -27,  -9,   6
 -27, -10,   6
 -27, -11,   6
 -26, -11,   6
 -25, -11,   6
 -24, -11,   6
 -24, -11,   5
 -24, -11,   4
 -24, -11,   3
 -24, -12,   3
 -24, -13,   3
 -24, -13,   2
 -24, -13,   1
 -24, -13,   0
 -23, -13,   0
 -23, -13,   1
 -22, -13,   1
 -21, -13,   1
 -21, -12,   1
 -21, -11,   1
 -22, -11,   1
 -23, -11,   1
 -23, -10,   1
 -23,  -9,   1
 -23,  -9,   0
 -23,  -9,  -1
 -23,  -9,  -2
 -22,  -9,  -2
 -21,  -9,  -2
 -20,  -9,  -2
 -20,  -9,  -1
 -20,  -9,   0
 -19,  -9,   0
 -18,  -9,   0
 -17,  -9,   0
 -16,  -9,   0
 -15,  -9,   0
 -14,  -9,   0
 -13,  -9,   0
 -13,  -9,  -1
 -13,  -9,  -2
 -13,  -9,  -3
 -13,  -9,  -4
 -13,  -9,  -5
 -13,  -9,  -6
 -12,  -9,  -6
 -12,  -8,  -6
 -12,  -8,  -7
 -12,  -8,  -8
 -12,  -8,  -9
 -13,  -8,  -9
 -13,  -7,  -9
 -13,  -6,  -9
 -13,  -6, -10
 -14,  -6, -10
 -15,  -6, -10
 -15,  -5, -10
 -15,  -4, -10
 -15,  -3, -10
 -15,  -3, -11
 -15,  -3, -12
 -15,  -3, -13
 -14,  -3, -13
 -14,  -3, -12
 -14,  -4, -12
 -14,  -5, -12
 -15,  -5, -12
 -16,  -5, -12
 -16,  -4, -12
 -16,  -3, -12
 -16,  -2, -12
 -16,  -1, -12
 -17,  -1, -12
 -17,  -1, -11
 -17,  -1, -10
 -17,  -2, -10
 -17,  -3, -10
 -17,  -4, -10
 -17,  -5, -10
 -17,  -5,  -9
 -17,  -5,  -8
 -17,  -4,  -8
 -17,  -3,  -8
 -17,  -2,  -8
 -17,  -2,  -9
 -18,  -2,  -9
 -19,  -2,  -9
 -19,  -2, -10
 -19,  -2, -11
 -19,  -3, -11
 -19,  -3, -10
 -19,  -3,  -9
 -19,  -4,  -9
 -19,  -5,  -9
 -19,  -5,  -8
 -19,  -5,  -7
 -20,  -5,  -7
 -21,  -5,  -7
 -22,  -5,  -7
 -22,  -5,  -6
 -22,  -5,  -5
 -22,  -5,  -4
 -22,  -5,  -3
 -22,  -6,  -3
 -22,  -7,  -3
 -21,  -7,  -3
 -20,  -7,  -3
 -19,  -7,  -3
 -19,  -7,  -4
 -19,  -6,  -4
 -19,  -5,  -4
 -19,  -4,  -4
 -18,  -4,  -4
 -18,  -4,  -3
 -18,  -4,  -2
 -19,  -4,  -2
 -20,  -4,  -2
 -21,  -4,  -2
 -21,  -4,  -3
 -21,  -3,  -3
 -21,  -2,  -3
 -22,  -2,  -3
 -23,  -2,  -3
 -24,  -2,  -3
 -24,  -2,  -4
 -24,  -2,  -5
 -24,  -2,  -6
 -24,  -2,  -7
 -24,  -2,  -8
 -24,  -2,  -9
 -25,  -2,  -9
 -25,  -1,  -9
 -25,   0,  -9
 -24,   0,  -9
 -23,   0,  -9
 -23,  -1,  -9
 -23,  -1,  -8
 -23,  -1,  -7
 -23,  -1,  -6
 -24,  -1,  -6
 -24,   0,  -6
 -24,   1,  -6
 -24,   1,  -5
 -24,   1,  -4
 -24,   2,  -4
 -24,   2,  -5
 -25,   2,  -5
 -25,   3,  -5
 -25,   3,  -6
 -25,   3,  -7
 -25,   3,  -8
 -25,   3,  -9
 -24,   3,  -9
 -23,   3,  -9
 -22,   3,  -9
 -22,   3, -10
 -22,   3, -11
 -23,   3, -11
 -24,   3, -11
 -25,   3, -11
 -26,   3, -11
 -27,   3, -11
 -28,   3, -11
 -28,   2, -11
 -28,   1, -11
 -28,   1, -10
 -28,   1,  -9
 -28,   0,  -9
 -28,  -1,  -9
 -28,  -2,  -9
 -28,  -2, -10
 -28,  -2, -11
 -28,  -2, -12
 -28,  -2, -13
 -28,  -2, -14
 -27,  -2, -14
 -26,  -2, -14
 -25,  -2, -14
 -25,  -3, -14
 -25,  -4, -14
 -24,  -4, -14
 -23,  -4, -14
 -23,  -4, -13
 -23,  -4, -12
 -23,  -4, -11
 -23,  -4, -10
 -23,  -4,  -9
 -22,  -4,  -9
 -22,  -3,  -9
 -22,  -3, -10
 -22,  -3, -11
 -22,  -3, -12
 -22,  -3, -13
 -22,  -3, -14
 -22,  -3, -15
 -23,  -3, -15
 -24,  -3, -15
 -25,  -3, -15
 -25,  -3, -16
 -25,  -3, -17
 -24,  -3, -17
 -24,  -3, -16
 -24,  -4, -16
 -24,  -5, -16
 -24,  -6, -16
 -24,  -7, -16
 -24,  -8, -16
 -23,  -8, -16
 -22,  -8, -16
 -22,  -8, -15
 -22,  -9, -15
 -22, -10, -15
 -22, -11, -15
 -23, -11, -15
 -24, -11, -15
 -25, -11, -15
 -25, -11, -14
 -25, -11, -13
 -25, -11, -12
 -25, -12, -12
 -25, -12, -13
 -25, -13, -13
 -25, -14, -13
 -25, -14, -14
 -26, -14, -14
 -26, -15, -14
 -26, -16, -14
 -26, -16, -13
 -26, -17, -13
 -26, -18, -13
 -26, -18, -14
 -27, -18, -14
 -28, -18, -14
 -28, -18, -15
 -28, -18, -16
 -29, -18, -16
 -30, -18, -16
 -30, -17, -16
 -31, -17, -16
 -31, -16, -16
 -32, -16, -16
 -32, -16, -15
 -32, -15, -15
 -33, -15, -15
 -34, -15, -15
 -34, -14, -15
 -34, -14, -14
 -33, -14, -14
 -33, -14, -13
 -33, -14, -12
 -33, -13, -12
 -33, -12, -12
 -33, -11, -12
 -34, -11, -12
 -34, -11, -13
 -34, -11, -14
 -34, -11, -15
 -33, -11, -15
 -32, -11, -15
 -31, -11, -15
 -31, -11, -16
 -32, -11, -16
 -32, -11, -17
 -32, -10, -17
 -32, -10, -18
 -32, -10, -19
 -32, -11, -19
 -31, -11, -19
 -31, -11, -18
 -30, -11, -18
 -30, -10, -18
 -29, -10, -18
 -29, -10, -19
 -29, -10, -20
 -29, -10, -21
 -28, -10, -21
 -28, -11, -21
 -27, -11, -21
 -27, -11, -20
 -26, -11, -20
 -26, -11, -21
 -26, -11, -22
 -26, -10, -22
 -25, -10, -22
 -25, -11, -22
 -25, -12, -22
 -25, -13, -22
 -24, -13, -22
 -23, -13, -22
 -23, -12, -22
 -23, -12, -23
 -22, -12, -23
 -21, -12, -23
 -20, -12, -23
 -19, -12, -23
 -19, -12, -22
 -19, -12, -21
 -19, -12, -20
 -19, -13, -20
 -20, -13, -20
 -20, -14, -20
 -20, -14, -21
 -21, -14, -21
 -21, -15, -21
 -21, -16, -21
 -20, -16, -21
 -20, -16, -20
 -20, -17, -20
 -20, -18, -20
 -20, -18, -19
 -19, -18, -19
 -19, -17, -19
 -19, -17, -18
 -18, -17, -18
 -18, -17, -19
 -18, -18, -19
 -18, -19, -19
 -18, -19, -20
 -18, -19, -21
 -18, -20, -21
 -17, -20, -21
 -17, -20, -20
 -17, -21, -20
 -18, -21, -20
 -18, -21, -19
 -19, -21, -19
 -20, -21, -19
 -20, -21, -20
 -20, -20, -20
 -19, -20, -20
 -19, -20, -21
 -20, -20, -21
 -20, -20, -22
 -20, -20, -23
 -19, -20, -23
 -18, -20, -23
 -17, -20, -23
 -16, -20, -23
 -15, -20, -23
 -15, -20, -24
 -15, -20, -25
 -15, -20, -26
 -14, -20, -26
 -13, -20, -26
 -13, -20, -27
 -14, -20, -27
 -14, -20, -28
 -15, -20, -28
 -15, -21, -28
 -15, -21, -29
 -15, -22, -29
 -15, -23, -29
 -16, -23, -29
 -17, -23, -29
 -17, -22, -29
 -18, -22, -29
 -18, -22, -28
 -18, -22, -27
 -18, -23, -27
 -18, -24, -27
 -18, -24, -26
 -18, -23, -26
 -18, -23, -25
 -18, -23, -24
 -18, -23, -23
 -17, -23, -23
 -17, -22, -23
 -16, -22, -23
 -16, -23, -23
 -16, -23, -22
 -16, -23, -21
 -16, -23, -20
 -16, -23, -19
 -15, -23, -19
 -15, -22, -19
 -15, -22, -18
 -16, -22, -18
 -16, -21, -18
 -16, -21, -17
 -15, -21, -17
 -14, -21, -17
 -14, -20, -17
 -14, -20, -16
 -13, -20, -16
 -13, -19, -16
 -14, -19, -16
 -14, -19, -17
 -15, -19, -17
 -15, -20, -17
 -15, -20, -18
 -15, -19, -18
 -15, -18, -18
 -14, -18, -18
 -14, -18, -19
 -14, -18, -20
 -14, -17, -20
 -13, -17, -20
 -13, -17, -21
 -13, -16, -21
 -12, -16, -21
 -12, -16, -22
 -12, -16, -23
 -12, -16, -24
 -12, -15, -24
 -11, -15, -24
 -11, -15, -25
 -10, -15, -25
  -9, -15, -25
  -9, -14, -25
 -10, -14, -25
 -10, -14, -26
 -10, -13, -26
 -10, -13, -25
 -10, -12, -25
 -10, -12, -26
 -10, -12, -27
 -10, -12, -28
 -10, -12, -29
 -10, -13, -29
  -9, -13, -29
  -8, -13, -29
  -7, -13, -29
  -7, -12, -29
  -7, -12, -28
  -7, -12, -27
  -7, -12, -26
  -7, -11, -26
  -8, -11, -26
  -9, -11, -26
  -9, -11, -27
  -9, -11, -28
  -9, -10, -28
  -9,  -9, -28
  -9,  -8, -28
  -9,  -7, -28
  -9,  -6, -28
  -8,  -6, -28
  -8,  -6, -27
  -8,  -6, -26
  -8,  -7, -26
  -8,  -8, -26
  -8,  -9, -26
  -8,  -9, -27
  -8,  -9, -28
  -8,  -9, -29
  -8, -10, -29
  -8, -11, -29
  -8, -11, -28
  -8, -11, -27
  -8, -10, -27
  -7, -10, -27
  -6, -10, -27
  -5, -10, -27
  -4, -10, -27
  -3, -10, -27
  -2, -10, -27
  -2, -10, -26
  -2, -10, -25
  -2, -10, -24
  -2,  -9, -24
  -1,  -9, -24
   0,  -9, -24
   1,  -9, -24
   1, -10, -24
   1, -11, -24
   1, -11, -23
   0, -11, -23
   0, -10, -23
   0,  -9, -23
   0,  -9, -22
   0,  -9, -21
   0,  -9, -20
  -1,  -9, -20
  -2,  -9, -20
  -3,  -9, -20
  -3,  -9, -19
  -3,  -9, -18
  -3,  -9, -17
  -3,  -9, -16
  -3,  -9, -15
  -3,  -9, -14
  -4,  -9, -14
  -5,  -9, -14
  -6,  -9, -14
  -7,  -9, -14
  -7,  -9, -15
  -7,  -8, -15
  -7,  -7, -15
  -7,  -6, -15
  -6,  -6, -15
  -5,  -6, -15
  -4,  -6, -15
  -3,  -6, -15
  -2,  -6, -15
  -2,  -6, -16
  -2,  -5, -16
  -2,  -4, -16
  -2,  -4, -15
  -2,  -4, -14
  -2,  -4, -13
  -1,  -4, -13
   0,  -4, -13
   1,  -4, -13
   1,  -4, -14
   1,  -4, -15
   2,  -4, -15
   3,  -4, -15
   4,  -4, -15
   5,  -4, -15
   5,  -3, -15
   5,  -3, -16
   4,  -3, -16
   3,  -3, -16
   2,  -3, -16
   2,  -2, -16
   2,  -2, -17
   1,  -2, -17
   1,  -1, -17
   1,   0, -17
   2,   0, -17
   3,   0, -17
   3,  -1, -17
   3,  -1, -18
   4,  -1, -18
   4,   0, -18
   4,   0, -19
   3,   0, -19
   2,   0, -19
   1,   0, -19
   1,   0, -20
   1,   0, -21
   1,   0, -22
   0,   0, -22
   0,   1, -22
   0,   1, -21
   0,   2, -21
   0,   3, -21
   0,   3, -20
   0,   4, -20
   1,   4, -20
   1,   4, -19
   2,   4, -19
   2,   3, -19
   2,   3, -20
   3,   3, -20
   4,   3, -20
   4,   3, -21
   5,   3, -21
   5,   4, -21
   5,   4, -22
   5,   3, -22
   5,   3, -23
   6,   3, -23
   7,   3, -23
   7,   3, -24
   7,   3, -25
   7,   2, -25
   7,   2, -24
   7,   1, -24
   7,   0, -24
   7,   0, -23
   8,   0, -23
   9,   0, -23
   9,   0, -22
   9,   1, -22
   9,   2, -22
   8,   2, -22
   8,   2, -21
   7,   2, -21
   7,   2, -20
   6,   2, -20
   6,   2, -19
   6,   3, -19
   6,   4, -19
   5,   4, -19
   5,   4, -18
   4,   4, -18
   3,   4, -18
   3,   5, -18
   2,   5, -18
   2,   5, -17
   2,   6, -17
   3,   6, -17
   3,   7, -17
   4,   7, -17
   4,   7, -16
   4,   8, -16
   5,   8, -16
   5,   7, -16
   5,   7, -15
   5,   7, -14
   5,   8, -14
   6,   8, -14
   6,   8, -13
   6,   9, -13
   6,  10, -13
   6,  10, -12
   5,  10, -12
   4,  10, -12
   3,  10, -12
   3,   9, -12
   3,   8, -12
   2,   8, -12
   2,   7, -12
   2,   7, -11
   2,   7, -10
   2,   6, -10
   3,   6, -10
   4,   6, -10
   4,   6,  -9
   4,   7,  -9
   4,   7,  -8
   4,   6,  -8
   5,   6,  -8
   5,   6,  -7
   5,   7,  -7
   6,   7,  -7
   6,   7,  -6
   6,   7,  -5
   7,   7,  -5
   7,   7,  -6
   7,   8,  -6
   6,   8,  -6
   6,   9,  -6
   6,  10,  -6
   7,  10,  -6
   7,   9,  -6
   7,   9,  -7
   8,   9,  -7
   8,   8,  -7
   8,   7,  -7
   8,   6,  -7
   8,   6,  -6
   9,   6,  -6
   9,   6,  -5
   9,   6,  -4
   8,   6,  -4
   7,   6,  -4
   6,   6,  -4
   5,   6,  -4
   5,   6,  -3
   6,   6,  -3
   6,   6,  -2
   6,   7,  -2
   6,   7,  -1
   5,   7,  -1
   4,   7,  -1
   3,   7,  -1
   3,   7,   0
   3,   7,   1
   4,   7,   1
   4,   7,   2
   4,   8,   2
   4,   9,   2
   4,  10,   2
   4,  11,   2
   5,  11,   2
   5,  12,   2
   5,  12,   1
   4,  12,   1
   4,  12,   0
   4,  11,   0
   3,  11,   0
   2,  11,   0
   2,  12,   0
   2,  13,   0
   2,  13,  -1
   2,  12,  -1
   1,  12,  -1
   0,  12,  -1
   0,  12,   0
   0,  13,   0
   1,  13,   0
   1,  13,   1
   1,  13,   2
   1,  12,   2
   2,  12,   2
   3,  12,   2
   3,  12,   3
   3,  13,   3
   3,  13,   2
   3,  13,   1
   3,  14,   1
   2,  14,   1
   1,  14,   1
   1,  14,   0
   0,  14,   0
   0,  15,   0
   0,  15,   1
  -1,  15,   1
  -2,  15,   1
  -2,  15,   0
  -3,  15,   0
  -3,  16,   0
  -3,  16,  -1
  -4,  16,  -1
  -4,  17,  -1
  -4,  17,  -2
  -5,  17,  -2
  -5,  17,  -3
  -5,  17,  -4
  -5,  16,  -4
  -6,  16,  -4
  -6,  16,  -5
  -5,  16,  -5
  -5,  17,  -5
  -4,  17,  -5
  -4,  16,  -5
  -4,  16,  -6
  -4,  15,  -6
  -4,  15,  -5
  -3,  15,  -5
  -3,  15,  -4
  -3,  15,  -3
  -3,  14,  -3
  -3,  13,  -3
  -3,  13,  -4
  -4,  13,  -4
  -5,  13,  -4
  -5,  12,  -4
  -5,  11,  -4
  -6,  11,  -4
  -7,  11,  -4
  -7,  11,  -3
  -7,  10,  -3
  -7,   9,  -3
  -7,   8,  -3
  -7,   8,  -4
  -8,   8,  -4
  -8,   9,  -4
  -9,   9,  -4
 -10,   9,  -4
 -10,  10,  -4
 -10,  11,  -4
 -10,  12,  -4
  -9,  12,  -4
  -8,  12,  -4
  -8,  12,  -3
  -8,  12,  -2
  -8,  12,  -1
  -9,  12,  -1
 -10,  12,  -1
 -10,  13,  -1
 -10,  14,  -1
 -10,  15,  -1
  -9,  15,  -1
  -9,  16,  -1
  -9,  16,   0
  -9,  16,   1
  -9,  16,   2
 -10,  16,   2
 -11,  16,   2
 -12,  16,   2
 -13,  16,   2
 -14,  16,   2
 -14,  17,   2
 -14,  18,   2
 -14,  18,   3
 -14,  18,   4
 -13,  18,   4
 -12,  18,   4
 -11,  18,   4
 -11,  17,   4
 -11,  16,   4
 -10,  16,   4
  -9,  16,   4
  -8,  16,   4
  -7,  16,   4
  -7,  16,   5
  -7,  17,   5
  -7,  18,   5
  -7,  19,   5
  -8,  19,   5
  -9,  19,   5
  -9,  20,   5
  -9,  21,   5
  -9,  22,   5
  -8,  22,   5
  -7,  22,   5
  -6,  22,   5
  -6,  21,   5
  -6,  21,   6
  -6,  21,   7
  -6,  21,   8
  -7,  21,   8
  -8,  21,   8
  -9,  21,   8
 -10,  21,   8
 -11,  21,   8
 -11,  20,   8
 -11,  19,   8
 -11,  19,   9
 -11,  19,  10
 -11,  20,  10
 -12,  20,  10
 -13,  20,  10
 -14,  20,  10
 -15,  20,  10
 -16,  20,  10
 -17,  20,  10
 -17,  20,  11
 -17,  19,  11
 -17,  18,  11
 -18,  18,  11
 -19,  18,  11
 -20,  18,  11
 -21,  18,  11
 -22,  18,  11
 -22,  18,  12
 -22,  19,  12
 -21,  19,  12
 -20,  19,  12
 -20,  20,  12
 -20,  21,  12
 -20,  22,  12
 -20,  23,  12
 -20,  23,  11
 -19,  23,  11
 -18,  23,  11
 -17,  23,  11
 -16,  23,  11
 -15,  23,  11
 -15,  23,  12
 -15,  23,  13
 -15,  24,  13
 -15,  25,  13
 -15,  25,  14
 -14,  25,  14
 -13,  25,  14
 -13,  24,  14
 -12,  24,  14
 -11,  24,  14
 -11,  24,  13
 -11,  23,  13
 -11,  23,  12
 -12,  23,  12
 -12,  22,  12
 -12,  21,  12
 -12,  20,  12
 -12,  19,  12
 -12,  19,  13
 -13,  19,  13
 -13,  19,  14
 -13,  19,  15
 -13,  18,  15
 -13,  17,  15
 -13,  17,  16
 -13,  17,  17
 -13,  17,  18
 -12,  17,  18
 -12,  18,  18
 -12,  18,  19
 -11,  18,  19
 -11,  18,  20
 -11,  18,  21
 -11,  17,  21
 -12,  17,  21
 -12,  17,  22
 -12,  18,  22
 -12,  18,  23
 -12,  19,  23
 -12,  20,  23
 -12,  20,  22
 -11,  20,  22
 -10,  20,  22
 -10,  20,  21
 -10,  19,  21
  -9,  19,  21
  -9,  19,  20
  -9,  18,  20
  -8,  18,  20
  -8,  17,  20
  -7,  17,  20
  -7,  16,  20
  -6,  16,  20
  -6,  16,  21
  -5,  16,  21
  -5,  16,  22
  -5,  15,  22
  -5,  15,  23
  -4,  15,  23
  -4,  16,  23
  -3,  16,  23
  -3,  16,  22
  -2,  16,  22
  -2,  15,  22
  -1,  15,  22
  -1,  15,  23
  -1,  14,  23
  -1,  13,  23
  -1,  12,  23
   0,  12,  23
   0,  12,  24
   0,  12,  25
   0,  11,  25
   0,  10,  25
   1,  10,  25
   1,  10,  24
   1,   9,  24
   1,   9,  23
   1,   8,  23
   2,   8,  23
   3,   8,  23
   3,   8,  22
   3,   7,  22
   3,   7,  21
   3,   6,  21
   4,   6,  21
   5,   6,  21
   6,   6,  21
   7,   6,  21
   8,   6,  21
   8,   6,  20
   8,   7,  20
   9,   7,  20
   9,   7,  19
   9,   8,  19
   9,   9,  19
   9,  10,  19
   9,  10,  18
   8,  10,  18
   8,   9,  18
   8,   9,  17
   8,   8,  17
   8,   8,  16
   7,   8,  16
   7,   8,  15
   7,   8,  14
   7,   8,  13
   6,   8,  13
   6,   7,  13
   6,   7,  14
   5,   7,  14
   5,   7,  15
   5,   8,  15
   5,   8,  16
   6,   8,  16
   6,   8,  17
   6,   7,  17
   5,   7,  17
   5,   7,  18
   5,   7,  19
   5,   7,  20
   5,   7,  21
   5,   7,  22
   6,   7,  22
   6,   6,  22
   6,   5,  22
   6,   5,  23
   5,   5,  23
   5,   5,  22
   5,   4,  22
   6,   4,  22
   6,   4,  23
   6,   3,  23
   5,   3,  23
   4,   3,  23
   4,   3,  24
   4,   4,  24
   4,   4,  25
   4,   4,  26
   4,   3,  26
   3,   3,  26
   3,   3,  27
   3,   3,  28
   3,   3,  29
   4,   3,  29
   5,   3,  29
   5,   3,  30
   5,   2,  30
   5,   2,  31
   5,   1,  31
   4,   1,  31
   4,   1,  32
   4,   1,  33
   4,   0,  33
   4,  -1,  33
   4,  -2,  33
   4,  -3,  33
   4,  -4,  33
   4,  -5,  33
   4,  -6,  33
   4,  -7,  33
   4,  -8,  33
   4,  -9,  33
   4, -10,  33
   3, -10,  33
   2, -10,  33
   2, -11,  33
   2, -11,  32
   1, -11,  32
   1, -10,  32
   0, -10,  32
   0, -11,  32
  -1, -11,  32
  -1, -11,  33
  -1, -10,  33
  -2, -10,  33
  -2,  -9,  33
  -3,  -9,  33
  -4,  -9,  33
  -4,  -9,  34
  -3,  -9,  34
  -2,  -9,  34
  -1,  -9,  34
  -1, -10,  34
  -1, -10,  35
  -1, -11,  35
  -2, -11,  35
  -2, -11,  36
  -3, -11,  36
  -3, -11,  37
  -2, -11,  37
  -2, -10,  37
  -2, -10,  38
  -2,  -9,  38
  -2,  -8,  38
  -2,  -7,  38
  -3,  -7,  38
  -3,  -7,  37
  -3,  -7,  36
  -3,  -6,  36
  -3,  -5,  36
  -3,  -4,  36
  -3,  -3,  36
  -3,  -2,  36
  -2,  -2,  36
  -1,  -2,  36
   0,  -2,  36
   0,  -1,  36
   0,   0,  36
   0,   0,  37
   0,   0,  38
   1,   0,  38
   2,   0,  38
   3,   0,  38
   3,  -1,  38
   3,  -1,  39
   3,  -1,  40
   3,  -1,  41
   3,  -1,  42
   2,  -1,  42
   1,  -1,  42
   1,  -1,  41
   1,   0,  41
   1,   1,  41
   1,   2,  41
   1,   2,  42
   1,   2,  43
   1,   1,  43
   2,   1,  43
   3,   1,  43
   4,   1,  43
   4,   1,  42
   4,   1,  41
   4,   2,  41
   4,   3,  41
   4,   4,  41
   4,   5,  41
   4,   5,  40
   4,   5,  39
   4,   4,  39
   4,   3,  39
   3,   3,  39
   2,   3,  39
   2,   2,  39
   1,   2,  39
   1,   2,  38
   1,   2,  37
   0,   2,  37
  -1,   2,  37
  -2,   2,  37
  -3,   2,  37
  -3,   2,  36
  -3,   2,  35
  -3,   2,  34
  -3,   3,  34
  -3,   4,  34
  -3,   5,  34
  -3,   5,  35
  -2,   5,  35
  -1,   5,  35
  -1,   4,  35
  -1,   3,  35
  -2,   3,  35
  -3,   3,  35
  -4,   3,  35
  -4,   4,  35
  -5,   4,  35
  -5,   4,  34
  -5,   3,  34
  -5,   2,  34
  -5,   1,  34
  -5,   1,  35
  -5,   2,  35
  -6,   2,  35
  -6,   1,  35
  -7,   1,  35
  -8,   1,  35
  -9,   1,  35
  -9,   1,  34
  -9,   2,  34
 -10,   2,  34
 -11,   2,  34
 -12,   2,  34
 -12,   3,  34
 -12,   3,  35
 -12,   3,  36
 -12,   3,  37
 -12,   4,  37
 -11,   4,  37
 -10,   4,  37
 -10,   4,  36
  -9,   4,  36
  -9,   5,  36
  -9,   5,  35
  -9,   6,  35
  -9,   7,  35
  -9,   7,  34
 -10,   7,  34
 -10,   8,  34
  -9,   8,  34
  -8,   8,  34
  -8,   7,  34
  -8,   7,  33
  -9,   7,  33
  -9,   8,  33
  -9,   8,  32
 -10,   8,  32
 -10,   8,  31
 -10,   7,  31
  -9,   7,  31
  -9,   7,  30
  -9,   7,  29
  -9,   6,  29
  -8,   6,  29
  -7,   6,  29
  -6,   6,  29
  -6,   6,  30
  -6,   7,  30
  -6,   8,  30
  -6,   8,  29
  -7,   8,  29
  -7,   9,  29
  -7,   9,  28
  -8,   9,  28
  -8,  10,  28
  -8,  10,  29
  -9,  10,  29
 -10,  10,  29
 -10,  10,  30
 -10,  10,  31
 -11,  10,  31
 -11,   9,  31
 -12,   9,  31
 -12,   9,  30
 -12,   8,  30
 -13,   8,  30
 -14,   8,  30
 -14,   7,  30
 -14,   7,  31
 -14,   6,  31
 -14,   6,  32
 -14,   6,  33
 -14,   6,  34
 -15,   6,  34
 -15,   5,  34
 -15,   5,  35
 -15,   4,  35
 -14,   4,  35
 -13,   4,  35
 -12,   4,  35
 -11,   4,  35
 -11,   5,  35
 -11,   6,  35
 -11,   7,  35
 -10,   7,  35
 -10,   7,  36
  -9,   7,  36
  -8,   7,  36
  -8,   8,  36
  -8,   8,  35
  -8,   9,  35
  -8,  10,  35
  -9,  10,  35
  -9,  10,  36
  -9,  10,  37
  -9,  11,  37
  -8,  11,  37
  -8,  12,  37
  -7,  12,  37
  -7,  12,  38
  -7,  13,  38
  -6,  13,  38
  -5,  13,  38
  -5,  14,  38
  -5,  15,  38
  -5,  16,  38
  -5,  17,  38
  -5,  18,  38
  -4,  18,  38
  -4,  17,  38
  -4,  16,  38
  -4,  15,  38
  -4,  15,  37
  -4,  15,  36
  -4,  15,  35
  -4,  15,  34
  -4,  16,  34
  -4,  17,  34
  -3,  17,  34
  -3,  18,  34
  -3,  18,  33
  -4,  18,  33
  -4,  19,  33
  -4,  20,  33
  -4,  21,  33
  -3,  21,  33
  -3,  21,  34
  -3,  22,  34
  -3,  23,  34
  -4,  23,  34
  -5,  23,  34
  -5,  22,  34
  -5,  22,  35
  -5,  22,  36
  -5,  21,  36
  -5,  21,  37
  -4,  21,  37
  -3,  21,  37
  -2,  21,  37
  -2,  20,  37
  -2,  19,  37
  -2,  18,  37
  -2,  18,  36
  -1,  18,  36
  -1,  17,  36
  -1,  17,  35
   0,  17,  35
   0,  17,  34
   0,  16,  34
  -1,  16,  34
  -1,  15,  34
  -1,  15,  35
  -1,  15,  36
  -2,  15,  36
  -2,  14,  36
  -2,  13,  36
  -1,  13,  36
  -1,  13,  35
  -1,  13,  34
   0,  13,  34
   0,  14,  34
   1,  14,  34
   1,  14,  35
   2,  14,  35
   2,  14,  36
   1,  14,  36
   1,  14,  37
   0,  14,  37
   0,  13,  37
   0,  13,  38
   0,  14,  38
   1,  14,  38
   2,  14,  38
   3,  14,  38
   3,  13,  38
   3,  13,  37
   3,  13,  36
   3,  13,  35
   4,  13,  35
   4,  14,  35
   4,  15,  35
   4,  15,  34
   3,  15,  34
   2,  15,  34
   2,  16,  34
   3,  16,  34
   3,  16,  33
   3,  17,  33
   3,  18,  33
   4,  18,  33
   5,  18,  33
   5,  18,  32
   5,  19,  32
   4,  19,  32
   3,  19,  32
   3,  20,  32
   3,  20,  33
   3,  21,  33
   4,  21,  33
   4,  22,  33
   4,  22,  32
   4,  22,  31
   5,  22,  31
   5,  23,  31
   5,  23,  30
   5,  24,  30
   4,  24,  30
   3,  24,  30
   3,  24,  29
   2,  24,  29
   2,  24,  30
   2,  23,  30
   2,  22,  30
   2,  22,  29
   2,  22,  28
   2,  22,  27
   2,  23,  27
   2,  24,  27
   3,  24,  27
   4,  24,  27
   4,  24,  26
   4,  25,  26
   4,  26,  26
   4,  26,  25
   3,  26,  25
   2,  26,  25
   2,  25,  25
   2,  24,  25
   2,  23,  25
   1,  23,  25
   1,  23,  24
   1,  24,  24
   1,  25,  24
   0,  25,  24
   0,  25,  25
   0,  25,  26
  -1,  25,  26
  -2,  25,  26
  -2,  25,  27
  -2,  25,  28
  -1,  25,  28
   0,  25,  28
   1,  25,  28
   1,  26,  28
   1,  27,  28
   1,  28,  28
   2,  28,  28
   3,  28,  28
   4,  28,  28
   5,  28,  28
   5,  27,  28
   5,  27,  29
   4,  27,  29
   3,  27,  29
   2,  27,  29
   1,  27,  29
   0,  27,  29
  -1,  27,  29
  -1,  27,  28
  -1,  28,  28
  -2,  28,  28
  -3,  28,  28
  -4,  28,  28
  -4,  28,  27
  -4,  28,  26
  -4,  28,  25
  -4,  27,  25
  -4,  26,  25
  -3,  26,  25
  -3,  26,  24
  -3,  27,  24
  -3,  27,  23
  -3,  27,  22
  -3,  27,  21
  -3,  27,  20
  -3,  27,  19
  -3,  27,  18
  -3,  27,  17
  -3,  26,  17
  -3,  25,  17
  -3,  25,  16
  -3,  25,  15
  -3,  26,  15
  -3,  27,  15
  -3,  27,  14
  -3,  27,  13
  -4,  27,  13
  -4,  26,  13
  -4,  25,  13
  -4,  24,  13
  -5,  24,  13
  -6,  24,  13
  -6,  24,  14
  -5,  24,  14
  -5,  24,  15
  -5,  24,  16
  -5,  24,  17
  -6,  24,  17
  -6,  23,  17
  -6,  22,  17
  -5,  22,  17
  -5,  22,  18
  -5,  22,  19
  -5,  22,  20
  -5,  22,  21
  -5,  23,  21
  -5,  24,  21
  -5,  25,  21
  -5,  26,  21
  -6,  26,  21
  -7,  26,  21
  -7,  25,  21
  -7,  25,  20
  -7,  25,  19
  -8,  25,  19
  -8,  24,  19
  -8,  23,  19
  -8,  22,  19
  -8,  21,  19
  -9,  21,  19
 -10,  21,  19
 -11,  21,  19
 -11,  21,  18
 -11,  20,  18
 -11,  19,  18
 -11,  19,  19
 -11,  19,  20
 -12,  19,  20
 -12,  19,  19
 -13,  19,  19
 -14,  19,  19
 -15,  19,  19
 -16,  19,  19
 -17,  19,  19
 -18,  19,  19
 -19,  19,  19
 -19,  19,  18
 -19,  19,  17
 -19,  20,  17
 -19,  21,  17
 -18,  21,  17
 -18,  21,  18
 -18,  21,  19
 -18,  21,  20
 -18,  20,  20
 -17,  20,  20
 -16,  20,  20
 -16,  20,  21
 -16,  20,  22
 -16,  19,  22
 -17,  19,  22
 -18,  19,  22
 -18,  20,  22
 -18,  20,  23
 -17,  20,  23
 -17,  20,  24
 -17,  20,  25
 -18,  20,  25
 -18,  21,  25
 -18,  21,  24
 -19,  21,  24
 -20,  21,  24
 -21,  21,  24
 -21,  20,  24
 -21,  19,  24
 -21,  19,  25
 -21,  19,  26
 -21,  18,  26
 -21,  17,  26
 -21,  16,  26
 -21,  16,  27
 -22,  16,  27
 -23,  16,  27
 -24,  16,  27
 -24,  16,  26
 -24,  16,  25
 -24,  16,  24
 -24,  15,  24
 -24,  14,  24
 -25,  14,  24
 -26,  14,  24
 -26,  14,  23
 -25,  14,  23
 -24,  14,  23
 -23,  14,  23
 -22,  14,  23
 -22,  15,  23
 -22,  15,  24
 -22,  15,  25
 -22,  15,  26
 -22,  15,  27
 -22,  14,  27
 -21,  14,  27
 -20,  14,  27
 -20,  13,  27
 -20,  13,  26
 -20,  13,  25
 -20,  13,  24
 -20,  13,  23
 -20,  13,  22
 -20,  13,  21
 -20,  12,  21
 -20,  11,  21
 -20,  10,  21
 -21,  10,  21
 -21,  10,  20
 -21,  10,  19
 -21,   9,  19
 -22,   9,  19
 -23,   9,  19
 -23,   9,  18
 -23,   9,  17
 -23,  10,  17
 -23,  11,  17
 -23,  11,  16
 -23,  11,  15
 -23,  11,  14
 -22,  11,  14
 -21,  11,  14
 -21,  11,  15
 -21,  10,  15
 -21,   9,  15
 -21,   9,  16
 -21,   9,  17
 -20,   9,  17
 -20,   9,  18
 -20,   8,  18
 -20,   7,  18
 -20,   6,  18
 -20,   5,  18
 -20,   5,  19
 -20,   5,  20
 -20,   6,  20
 -20,   7,  20
 -19,   7,  20
 -18,   7,  20
 -18,   7,  19
 -18,   7,  18
 -18,   7,  17
 -18,   7,  16
 -18,   7,  15
 -19,   7,  15
 -19,   6,  15
 -19,   5,  15
 -19,   4,  15
 -19,   4,  16
 -19,   4,  17
 -18,   4,  17
 -17,   4,  17
 -17,   5,  17
 -16,   5,  17
 -15,   5,  17
 -15,   6,  17
 -15,   6,  18
 -15,   6,  19
 -16,   6,  19
 -16,   6,  20
 -17,   6,  20
 -17,   6,  19
 -17,   5,  19
 -17,   5,  20
 -16,   5,  20
 -15,   5,  20
 -14,   5,  20
 -14,   5,  21
 -15,   5,  21
 -15,   6,  21
 -15,   7,  21
 -15,   7,  22
 -14,   7,  22
 -13,   7,  22
 -12,   7,  22
 -11,   7,  22
 -11,   7,  23
 -11,   6,  23
 -11,   5,  23
 -10,   5,  23
  -9,   5,  23
  -8,   5,  23
  -8,   6,  23
  -8,   6,  22
  -8,   5,  22
  -9,   5,  22
 -10,   5,  22
 -11,   5,  22
 -12,   5,  22
 -13,   5,  22
 -13,   5,  23
 -13,   5,  24
 -14,   5,  24
 -14,   4,  24
 -14,   3,  24
 -14,   2,  24
 -14,   2,  25
 -13,   2,  25
 -12,   2,  25
 -11,   2,  25
 -11,   2,  24
 -11,   1,  24
 -11,   0,  24
 -11,  -1,  24
 -11,  -1,  25
 -10,  -1,  25
  -9,  -1,  25
  -9,  -1,  26
  -9,  -2,  26
  -9,  -3,  26
  -8,  -3,  26
  -7,  -3,  26
  -6,  -3,  26
  -5,  -3,  26
  -5,  -4,  26
  -6,  -4,  26
  -6,  -5,  26
  -5,  -5,  26
  -5,  -5,  25
  -5,  -5,  24
  -5,  -5,  23
  -6,  -5,  23
  -7,  -5,  23
  -8,  -5,  23
  -8,  -5,  22
  -8,  -5,  21
  -8,  -4,  21
  -8,  -4,  22
  -9,  -4,  22
 -10,  -4,  22
 -11,  -4,  22
 -11,  -5,  22
 -11,  -6,  22
 -12,  -6,  22
 -13,  -6,  22
 -14,  -6,  22
 -15,  -6,  22
 -16,  -6,  22
 -16,  -5,  22
 -16,  -5,  21
 -16,  -5,  20
 -15,  -5,  20
 -15,  -5,  21
 -14,  -5,  21
 -13,  -5,  21
 -13,  -5,  20
 -13,  -6,  20
 -13,  -7,  20
 -14,  -7,  20
 -15,  -7,  20
 -15,  -7,  21
 -15,  -8,  21
 -15,  -9,  21
 -15,  -9,  20
 -15,  -9,  19
 -15,  -8,  19
 -15,  -7,  19
 -15,  -7,  18
 -16,  -7,  18
 -17,  -7,  18
 -17,  -8,  18
 -17,  -8,  19
 -17,  -8,  20
 -17,  -8,  21
 -18,  -8,  21
 -19,  -8,  21
 -19,  -9,  21
 -19, -10,  21
 -18, -10,  21
 -18, -10,  20
 -18, -10,  19
 -19, -10,  19
 -20, -10,  19
 -20, -11,  19
 -20, -12,  19
 -19, -12,  19
 -19, -13,  19
 -19, -13,  20
 -20, -13,  20
 -21, -13,  20
 -21, -13,  21
 -21, -13,  22
 -20, -13,  22
 -20, -13,  21
 -20, -12,  21
 -20, -11,  21
 -20, -10,  21
 -20, -10,  22
 -21, -10,  22
 -22, -10,  22
 -23, -10,  22
 -24, -10,  22
 -24, -10,  23
 -24, -10,  24
 -24, -11,  24
 -24, -12,  24
 -23, -12,  24
 -22, -12,  24
 -21, -12,  24
 -21, -13,  24
 -21, -13,  25
 -22, -13,  25
 -22, -14,  25
 -22, -14,  26
 -23, -14,  26
 -24, -14,  26
 -24, -15,  26
 -24, -16,  26
 -25, -16,  26
 -25, -15,  26
 -25, -15,  25
 -25, -15,  24
 -25, -15,  23
 -25, -16,  23
 -24, -16,  23
 -24, -16,  22
 -24, -16,  21
 -25, -16,  21
 -26, -16,  21
 -27, -16,  21
 -27, -15,  21
 -27, -14,  21
 -27, -13,  21
 -28, -13,  21
