  17, -35, -12
  17, -35, -13
  16, -35, -13
  16, -35, -14
  16, -36, -14
  15, -36, -14
  15, -37, -14
  15, -37, -15
  15, -38, -15
  14, -38, -15
  14, -38, -14
  14, -38, -13
  14, -38, -12
  14, -37, -12
  14, -37, -13
  13, -37, -13
  13, -37, -12
  12, -37, -12
  12, -37, -13
  12, -38, -13
  12, -38, -14
  12, -38, -15
  11, -38, -15
  11, -38, -14
  11, -37, -14
  11, -37, -13
  11, -38, -13
  10, -38, -13
   9, -38, -13
   9, -38, -14
   9, -37, -14
   9, -37, -13
   8, -37, -13
   7, -37, -13
   7, -36, -13
   8, -36, -13
   8, -36, -12
   9, -36, -12
   9, -36, -11
   9, -37, -11
   8, -37, -11
   7, -37, -11
   7, -38, -11
   7, -39, -11
   7, -39, -12
   8, -39, -12
   8, -39, -11
   9, -39, -11
   9, -38, -11
  10, -38, -11
  10, -38, -10
  10, -38,  -9
  10, -37,  -9
   9, -37,  -9
   8, -37,  -9
   8, -37,  -8
   8, -38,  -8
   9, -38,  -8
   9, -38,  -7
   8, -38,  -7
   8, -37,  -7
   8, -36,  -7
   9, -36,  -7
  10, -36,  -7
  10, -36,  -6
   9, -36,  -6
   9, -36,  -5
   9, -37,  -5
   8, -37,  -5
   8, -37,  -6
   8, -38,  -6
   7, -38,  -6
   7, -37,  -6
   6, -37,  -6
   6, -36,  -6
   6, -36,  -5
   6, -35,  -5
   6, -34,  -5
   6, -34,  -6
   6, -33,  -6
   6, -32,  -6
   5, -32,  -6
   4, -32,  -6
   4, -31,  -6
   4, -30,  -6
   4, -29,  -6
   3, -29,  -6
   3, -29,  -7
   3, -28,  -7
   3, -28,  -8
   3, -27,  -8
   4, -27,  -8
   5, -27,  -8
   5, -27,  -9
   5, -28,  -9
   5, -28, -10
   4, -28, -10
   4, -29, -10
   3, -29, -10
   2, -29, -10
   2, -29,  -9
   2, -30,  -9
   2, -30, -10
   2, -30, -11
   1, -30, -11
   0, -30, -11
   0, -29, -11
   0, -29, -12
   1, -29, -12
   1, -29, -13
   0, -29, -13
   0, -30, -13
   1, -30, -13
   1, -31, -13
   0, -31, -13
  -1, -31, -13
  -1, -31, -12
  -1, -31, -11
  -1, -30, -11
  -2, -30, -11
  -3, -30, -11
  -3, -29, -11
  -3, -29, -10
  -3, -28, -10
  -2, -28, -10
  -2, -28,  -9
  -2, -27,  -9
  -2, -26,  -9
  -3, -26,  -9
  -4, -26,  -9
  -4, -27,  -9
  -4, -27,  -8
  -5, -27,  -8
  -5, -26,  -8
  -5, -26,  -7
  -4, -26,  -7
  -4, -25,  -7
  -4, -24,  -7
  -4, -24,  -8
  -5, -24,  -8
  -5, -24,  -7
  -5, -24,  -6
  -5, -23,  -6
  -4, -23,  -6
  -3, -23,  -6
  -3, -23,  -5
  -2, -23,  -5
  -2, -24,  -5
  -2, -24,  -6
  -2, -24,  -7
  -2, -24,  -8
  -2, -24,  -9
  -1, -24,  -9
  -1, -25,  -9
   0, -25,  -9
   0, -25, -10
   0, -24, -10
   0, -23, -10
   0, -22, -10
   0, -22, -11
   1, -22, -11
   2, -22, -11
   2, -23, -11
   3, -23, -11
   3, -23, -10
   2, -23, -10
   2, -23,  -9
   3, -23,  -9
   3, -22,  -9
   3, -21,  -9
   2, -21,  -9
   2, -20,  -9
   1, -20,  -9
   1, -20,  -8
   1, -20,  -7
   0, -20,  -7
  -1, -20,  -7
  -1, -21,  -7
  -1, -22,  -7
  -2, -22,  -7
  -3, -22,  -7
  -4, -22,  -7
  -4, -22,  -8
  -4, -23,  -8
  -3, -23,  -8
  -3, -23,  -7
  -2, -23,  -7
  -2, -23,  -8
  -1, -23,  -8
   0, -23,  -8
   0, -23,  -9
  -1, -23,  -9
  -1, -23, -10
  -1, -23, -11
  -2, -23, -11
  -3, -23, -11
  -3, -23, -12
  -3, -23, -13
  -3, -22, -13
  -3, -22, -12
  -3, -21, -12
  -2, -21, -12
  -2, -20, -12
  -2, -19, -12
  -2, -18, -12
  -1, -18, -12
   0, -18, -12
   0, -17, -12
   0, -16, -12
   1, -16, -12
   1, -16, -11
   1, -15, -11
   0, -15, -11
   0, -14, -11
  -1, -14, -11
  -1, -13, -11
  -1, -12, -11
  -1, -12, -12
   0, -12, -12
   0, -12, -13
   0, -11, -13
   0, -11, -12
   0, -11, -11
   0, -11, -10
   1, -11, -10
   1, -11, -11
   1, -12, -11
   2, -12, -11
   2, -12, -10
   3, -12, -10
   3, -11, -10
   3, -11,  -9
   3, -10,  -9
   4, -10,  -9
   4, -10,  -8
   4, -10,  -7
   4, -11,  -7
   5, -11,  -7
   5, -12,  -7
   6, -12,  -7
   7, -12,  -7
   7, -12,  -8
   8, -12,  -8
   8, -12,  -9
   8, -12, -10
   7, -12, -10
   7, -11, -10
   7, -10, -10
   8, -10, -10
   8, -10, -11
   8,  -9, -11
   8,  -9, -12
   7,  -9, -12
   7, -10, -12
   6, -10, -12
   6, -11, -12
   5, -11, -12
   5, -11, -11
   6, -11, -11
   6, -11, -10
   5, -11, -10
   4, -11, -10
   4, -12, -10
   5, -12, -10
   5, -13, -10
   6, -13, -10
   6, -14, -10
   7, -14, -10
   7, -13, -10
   8, -13, -10
   8, -13,  -9
   8, -13,  -8
   7, -13,  -8
   7, -14,  -8
   7, -15,  -8
   6, -15,  -8
   6, -16,  -8
   5, -16,  -8
   5, -16,  -7
   5, -17,  -7
   6, -17,  -7
   6, -17,  -6
   5, -17,  -6
   5, -17,  -5
   5, -16,  -5
   5, -16,  -4
   6, -16,  -4
   6, -17,  -4
   6, -18,  -4
   7, -18,  -4
   7, -18,  -5
   7, -18,  -6
   7, -19,  -6
   7, -19,  -5
   8, -19,  -5
   8, -19,  -6
   8, -20,  -6
   8, -21,  -6
   8, -22,  -6
   8, -23,  -6
   8, -24,  -6
   9, -24,  -6
   9, -25,  -6
   9, -26,  -6
   9, -26,  -5
   9, -26,  -4
   9, -27,  -4
   8, -27,  -4
   8, -27,  -3
   8, -26,  -3
   8, -26,  -2
   7, -26,  -2
   6, -26,  -2
   6, -26,  -1
   7, -26,  -1
   7, -25,  -1
   6, -25,  -1
   6, -25,   0
   7, -25,   0
   7, -24,   0
   7, -23,   0
   7, -23,   1
   8, -23,   1
   8, -23,   2
   8, -24,   2
   7, -24,   2
   7, -24,   3
   6, -24,   3
   5, -24,   3
   5, -23,   3
   6, -23,   3
   7, -23,   3
   8, -23,   3
   8, -23,   4
   9, -23,   4
   9, -23,   3
   9, -24,   3
   9, -24,   4
   8, -24,   4
   8, -25,   4
   8, -26,   4
   7, -26,   4
   7, -26,   3
   6, -26,   3
   6, -26,   2
   6, -25,   2
   5, -25,   2
   5, -25,   1
   4, -25,   1
   4, -24,   1
   4, -23,   1
   4, -23,   2
   5, -23,   2
   5, -22,   2
   6, -22,   2
   7, -22,   2
   7, -22,   1
   7, -21,   1
   7, -21,   0
   7, -21,  -1
   7, -21,  -2
   6, -21,  -2
   6, -21,  -3
   7, -21,  -3
   8, -21,  -3
   8, -21,  -4
   9, -21,  -4
  10, -21,  -4
  10, -21,  -5
  11, -21,  -5
  11, -21,  -6
  12, -21,  -6
  12, -22,  -6
  12, -22,  -5
  12, -22,  -4
  13, -22,  -4
  13, -23,  -4
  13, -24,  -4
  13, -25,  -4
  14, -25,  -4
  14, -25,  -3
  14, -26,  -3
  13, -26,  -3
  13, -27,  -3
  14, -27,  -3
  15, -27,  -3
  15, -27,  -4
  16, -27,  -4
  17, -27,  -4
  18, -27,  -4
  18, -26,  -4
  18, -26,  -3
  18, -25,  -3
  17, -25,  -3
  17, -26,  -3
  17, -27,  -3
  17, -27,  -2
  17, -27,  -1
  17, -27,   0
  17, -28,   0
  17, -28,   1
  18, -28,   1
  18, -28,   2
  19, -28,   2
  19, -29,   2
  20, -29,   2
  20, -30,   2
  20, -30,   3
  20, -29,   3
  20, -29,   4
  19, -29,   4
  19, -28,   4
  19, -28,   5
  19, -29,   5
  19, -29,   6
  19, -28,   6
  19, -27,   6
  19, -27,   7
  19, -26,   7
  18, -26,   7
  17, -26,   7
  16, -26,   7
  16, -26,   6
  16, -26,   5
  16, -26,   4
  15, -26,   4
  15, -26,   3
  16, -26,   3
  16, -25,   3
  15, -25,   3
  14, -25,   3
  14, -25,   4
  14, -24,   4
  15, -24,   4
  15, -24,   3
  15, -23,   3
  16, -23,   3
  16, -22,   3
  16, -22,   2
  15, -22,   2
  15, -23,   2
  16, -23,   2
  17, -23,   2
  18, -23,   2
  18, -23,   1
  19, -23,   1
  20, -23,   1
  21, -23,   1
  21, -23,   2
  22, -23,   2
  22, -23,   3
  23, -23,   3
  23, -24,   3
  23, -24,   2
  23, -25,   2
  22, -25,   2
  22, -26,   2
  22, -26,   3
  22, -26,   4
  22, -27,   4
  22, -27,   5
  21, -27,   5
  20, -27,   5
  20, -28,   5
  20, -28,   6
  21, -28,   6
  21, -29,   6
  22, -29,   6
  22, -29,   5
  22, -30,   5
  23, -30,   5
  24, -30,   5
  24, -30,   6
  24, -30,   7
  24, -31,   7
  24, -32,   7
  24, -33,   7
  24, -33,   6
  24, -33,   5
  24, -33,   4
  23, -33,   4
  23, -34,   4
  22, -34,   4
  22, -35,   4
  22, -36,   4
  21, -36,   4
  21, -36,   3
  21, -37,   3
  20, -37,   3
  20, -38,   3
  20, -38,   4
  19, -38,   4
  19, -39,   4
  19, -39,   3
  19, -40,   3
  20, -40,   3
  20, -40,   4
  20, -41,   4
  21, -41,   4
  22, -41,   4
  22, -41,   3
  22, -41,   2
  22, -40,   2
  22, -39,   2
  22, -38,   2
  23, -38,   2
  23, -37,   2
  23, -36,   2
  23, -36,   3
  22, -36,   3
  22, -35,   3
  21, -35,   3
  21, -34,   3
  21, -33,   3
  22, -33,   3
  22, -32,   3
  22, -32,   4
  23, -32,   4
  23, -32,   5
  23, -31,   5
  23, -31,   6
  24, -31,   6
  24, -32,   6
  24, -32,   5
  25, -32,   5
  25, -31,   5
  25, -30,   5
  26, -30,   5
  26, -29,   5
  26, -29,   6
  25, -29,   6
  25, -29,   7
  25, -28,   7
  26, -28,   7
  26, -27,   7
  26, -26,   7
  26, -26,   6
  25, -26,   6
  25, -26,   5
  24, -26,   5
  24, -26,   6
  24, -27,   6
  24, -28,   6
  24, -28,   7
  23, -28,   7
  23, -28,   8
  23, -28,   9
  23, -29,   9
  23, -30,   9
  23, -30,  10
  22, -30,  10
  22, -30,  11
  23, -30,  11
  23, -31,  11
  23, -31,  12
  23, -31,  13
  22, -31,  13
  22, -31,  14
  22, -30,  14
  22, -30,  15
  22, -30,  16
  23, -30,  16
  23, -30,  17
  23, -31,  17
  23, -31,  18
  23, -32,  18
  22, -32,  18
  22, -32,  19
  22, -33,  19
  21, -33,  19
  20, -33,  19
  19, -33,  19
  19, -33,  20
  19, -32,  20
  19, -32,  19
  20, -32,  19
  20, -31,  19
  20, -30,  19
  20, -30,  20
  20, -29,  20
  20, -28,  20
  20, -28,  21
  20, -27,  21
  20, -26,  21
  20, -26,  20
  20, -25,  20
  20, -25,  21
  21, -25,  21
  21, -24,  21
  21, -24,  20
  21, -23,  20
  20, -23,  20
  20, -22,  20
  20, -21,  20
  20, -20,  20
  21, -20,  20
  21, -20,  19
  21, -19,  19
  20, -19,  19
  20, -19,  18
  19, -19,  18
  19, -18,  18
  20, -18,  18
  21, -18,  18
  22, -18,  18
  22, -18,  17
  22, -19,  17
  22, -20,  17
  23, -20,  17
  23, -19,  17
  23, -19,  18
  23, -19,  19
  23, -18,  19
  24, -18,  19
  24, -18,  20
  24, -18,  21
  24, -17,  21
  23, -17,  21
  23, -17,  20
  24, -17,  20
  24, -16,  20
  24, -16,  19
  25, -16,  19
  25, -16,  18
  25, -15,  18
  25, -15,  17
  25, -14,  17
  25, -13,  17
  25, -13,  16
  25, -13,  15
  24, -13,  15
  24, -12,  15
  23, -12,  15
  23, -12,  16
  24, -12,  16
  24, -11,  16
  24, -11,  17
  24, -10,  17
  24, -10,  18
  23, -10,  18
  23, -10,  17
  22, -10,  17
  21, -10,  17
  21, -10,  18
  21,  -9,  18
  21,  -9,  19
  21,  -8,  19
  21,  -7,  19
  21,  -7,  20
  21,  -6,  20
  21,  -5,  20
  21,  -4,  20
  21,  -3,  20
  21,  -3,  19
  21,  -2,  19
  21,  -1,  19
  21,   0,  19
  21,   1,  19
  21,   1,  18
  22,   1,  18
  22,   0,  18
  22,   0,  17
  22,  -1,  17
  21,  -1,  17
  21,  -2,  17
  21,  -3,  17
  21,  -3,  18
  21,  -4,  18
  21,  -4,  19
  21,  -5,  19
  21,  -6,  19
  21,  -6,  18
  21,  -7,  18
  20,  -7,  18
  20,  -7,  17
  20,  -6,  17
  20,  -6,  16
  20,  -7,  16
  20,  -8,  16
  20,  -8,  15
  20,  -9,  15
  21,  -9,  15
  21,  -8,  15
  21,  -8,  14
  21,  -7,  14
  21,  -7,  13
  21,  -8,  13
  21,  -8,  12
  20,  -8,  12
  20,  -8,  11
  20,  -7,  11
  20,  -7,  10
  20,  -7,   9
  20,  -6,   9
  20,  -6,   8
  19,  -6,   8
  19,  -7,   8
  18,  -7,   8
  18,  -7,   7
  18,  -6,   7
  19,  -6,   7
  19,  -6,   6
  19,  -5,   6
  19,  -4,   6
  19,  -4,   5
  18,  -4,   5
  18,  -3,   5
  17,  -3,   5
  17,  -2,   5
  17,  -2,   4
  17,  -1,   4
  17,  -1,   3
  16,  -1,   3
  16,  -2,   3
  16,  -2,   2
  16,  -3,   2
  15,  -3,   2
  15,  -3,   3
  14,  -3,   3
  14,  -3,   4
  13,  -3,   4
  13,  -4,   4
  14,  -4,   4
  15,  -4,   4
  15,  -4,   5
  15,  -5,   5
  15,  -5,   6
  15,  -6,   6
  15,  -6,   5
  15,  -7,   5
  15,  -7,   4
  16,  -7,   4
  17,  -7,   4
  17,  -7,   5
  17,  -8,   5
  17,  -8,   4
  16,  -8,   4
  16,  -9,   4
  16,  -9,   3
  16,  -9,   2
  15,  -9,   2
  15, -10,   2
  15, -10,   1
  15,  -9,   1
  15,  -8,   1
  14,  -8,   1
  14,  -7,   1
  13,  -7,   1
  13,  -6,   1
  13,  -5,   1
  14,  -5,   1
  14,  -5,   2
  14,  -6,   2
  14,  -6,   1
  14,  -6,   0
  15,  -6,   0
  15,  -5,   0
  15,  -5,  -1
  16,  -5,  -1
  16,  -6,  -1
  16,  -6,  -2
  15,  -6,  -2
  15,  -6,  -3
  14,  -6,  -3
  14,  -5,  -3
  14,  -5,  -4
  14,  -6,  -4
  15,  -6,  -4
  15,  -7,  -4
  15,  -7,  -5
  16,  -7,  -5
  16,  -7,  -4
  17,  -7,  -4
  17,  -8,  -4
  17,  -9,  -4
  18,  -9,  -4
  18,  -9,  -5
  18, -10,  -5
  17, -10,  -5
  17, -10,  -4
  18, -10,  -4
  18, -10,  -3
  18, -10,  -2
  19, -10,  -2
  20, -10,  -2
  20,  -9,  -2
  21,  -9,  -2
  21,  -9,  -3
  21,  -9,  -4
  20,  -9,  -4
  19,  -9,  -4
  19,  -8,  -4
  19,  -8,  -3
  19,  -7,  -3
  19,  -7,  -2
  19,  -6,  -2
  20,  -6,  -2
  20,  -6,  -1
  19,  -6,  -1
  19,  -6,   0
  19,  -6,   1
  19,  -7,   1
  18,  -7,   1
  18,  -8,   1
  18,  -8,   2
  19,  -8,   2
  19,  -8,   1
  20,  -8,   1
  20,  -8,   0
  20,  -8,  -1
  21,  -8,  -1
  21,  -7,  -1
  22,  -7,  -1
  22,  -6,  -1
  22,  -6,  -2
  22,  -5,  -2
  22,  -5,  -3
  22,  -4,  -3
  21,  -4,  -3
  21,  -5,  -3
  21,  -5,  -4
  21,  -4,  -4
  20,  -4,  -4
  20,  -5,  -4
  19,  -5,  -4
  19,  -5,  -3
  18,  -5,  -3
  18,  -4,  -3
  18,  -4,  -4
  17,  -4,  -4
  17,  -4,  -5
  18,  -4,  -5
  18,  -5,  -5
  18,  -5,  -6
  17,  -5,  -6
  17,  -5,  -7
  18,  -5,  -7
  18,  -4,  -7
  19,  -4,  -7
  19,  -3,  -7
  19,  -3,  -6
  19,  -4,  -6
  19,  -4,  -5
  19,  -3,  -5
  19,  -3,  -4
  18,  -3,  -4
  18,  -3,  -3
  18,  -3,  -2
  19,  -3,  -2
  19,  -3,  -3
  19,  -2,  -3
  19,  -2,  -4
  19,  -2,  -5
  19,  -1,  -5
  19,   0,  -5
  18,   0,  -5
  18,   1,  -5
  18,   1,  -6
  19,   1,  -6
  20,   1,  -6
  21,   1,  -6
  22,   1,  -6
  22,   2,  -6
  23,   2,  -6
  23,   2,  -7
  23,   3,  -7
  23,   3,  -6
  23,   3,  -5
  22,   3,  -5
  22,   3,  -4
  22,   3,  -3
  22,   4,  -3
  22,   5,  -3
  21,   5,  -3
  21,   6,  -3
  21,   6,  -2
  21,   6,  -1
  21,   7,  -1
  20,   7,  -1
  20,   7,   0
  20,   8,   0
  20,   8,  -1
  19,   8,  -1
  19,   8,  -2
  18,   8,  -2
  18,   8,  -3
  18,   9,  -3
  18,  10,  -3
  19,  10,  -3
  19,  10,  -4
  18,  10,  -4
  18,   9,  -4
  18,   8,  -4
  17,   8,  -4
  17,   8,  -5
  17,   9,  -5
  17,  10,  -5
  17,  10,  -4
  16,  10,  -4
  16,  11,  -4
  17,  11,  -4
  17,  12,  -4
  17,  12,  -5
  18,  12,  -5
  18,  11,  -5
  19,  11,  -5
  19,  11,  -4
  19,  12,  -4
  20,  12,  -4
  20,  12,  -5
  21,  12,  -5
  21,  12,  -4
  21,  12,  -3
  20,  12,  -3
  20,  11,  -3
  20,  11,  -4
  21,  11,  -4
  22,  11,  -4
  22,  11,  -3
  22,  12,  -3
  22,  12,  -2
  22,  11,  -2
  21,  11,  -2
  21,  10,  -2
  21,   9,  -2
  21,   8,  -2
  22,   8,  -2
  22,   8,  -1
  22,   9,  -1
  22,   9,   0
  22,  10,   0
  21,  10,   0
  21,  11,   0
  22,  11,   0
  22,  12,   0
  23,  12,   0
  23,  13,   0
  23,  14,   0
  23,  15,   0
  23,  15,  -1
  23,  15,  -2
  22,  15,  -2
  22,  14,  -2
  22,  14,  -3
  22,  15,  -3
  21,  15,  -3
  21,  15,  -4
  21,  16,  -4
  22,  16,  -4
  23,  16,  -4
  23,  17,  -4
  22,  17,  -4
  22,  18,  -4
  21,  18,  -4
  21,  18,  -3
  20,  18,  -3
  20,  17,  -3
  20,  16,  -3
  19,  16,  -3
  18,  16,  -3
  18,  17,  -3
  17,  17,  -3
  17,  18,  -3
  16,  18,  -3
  16,  17,  -3
  15,  17,  -3
  15,  16,  -3
  15,  15,  -3
  15,  15,  -4
  14,  15,  -4
  14,  14,  -4
  14,  14,  -5
  14,  14,  -6
  14,  13,  -6
  13,  13,  -6
  12,  13,  -6
  12,  12,  -6
  12,  12,  -5
  12,  12,  -4
  13,  12,  -4
  13,  12,  -3
  13,  12,  -2
  13,  12,  -1
  13,  12,   0
  14,  12,   0
  14,  11,   0
  15,  11,   0
  15,  11,   1
  15,  11,   2
  15,  12,   2
  14,  12,   2
  14,  12,   1
  14,  13,   1
  13,  13,   1
  13,  14,   1
  12,  14,   1
  12,  14,   2
  12,  14,   3
  11,  14,   3
  11,  15,   3
  11,  16,   3
  10,  16,   3
   9,  16,   3
   8,  16,   3
   7,  16,   3
   7,  16,   4
   7,  16,   5
   6,  16,   5
   5,  16,   5
   5,  16,   4
   4,  16,   4
   4,  16,   5
   3,  16,   5
   3,  16,   6
   2,  16,   6
   2,  16,   5
   2,  17,   5
   2,  18,   5
   2,  18,   4
   2,  17,   4
   3,  17,   4
   3,  16,   4
   3,  16,   3
   4,  16,   3
   4,  15,   3
   3,  15,   3
   3,  14,   3
   3,  13,   3
   3,  12,   3
   3,  12,   2
   3,  11,   2
   3,  11,   1
   4,  11,   1
   4,  11,   0
   3,  11,   0
   3,  11,  -1
   3,  10,  -1
   2,  10,  -1
   1,  10,  -1
   1,  11,  -1
   0,  11,  -1
   0,  10,  -1
  -1,  10,  -1
  -1,  10,  -2
  -2,  10,  -2
  -2,  11,  -2
  -1,  11,  -2
   0,  11,  -2
   0,  11,  -3
   0,  12,  -3
   0,  13,  -3
   0,  13,  -4
   0,  13,  -5
   1,  13,  -5
   1,  13,  -4
   2,  13,  -4
   2,  14,  -4
   3,  14,  -4
   3,  15,  -4
   3,  15,  -3
   2,  15,  -3
   2,  15,  -4
   2,  15,  -5
   1,  15,  -5
   1,  16,  -5
   0,  16,  -5
   0,  16,  -6
   0,  15,  -6
  -1,  15,  -6
  -1,  15,  -7
  -1,  15,  -8
   0,  15,  -8
   0,  14,  -8
  -1,  14,  -8
  -1,  14,  -9
  -1,  13,  -9
  -2,  13,  -9
  -3,  13,  -9
  -3,  12,  -9
  -3,  11,  -9
  -4,  11,  -9
  -4,  10,  -9
  -5,  10,  -9
  -5,  10,  -8
  -6,  10,  -8
  -6,  10,  -9
  -7,  10,  -9
  -8,  10,  -9
  -8,  10,  -8
  -8,  10,  -7
  -8,   9,  -7
  -8,   8,  -7
  -8,   8,  -6
  -9,   8,  -6
  -9,   7,  -6
  -9,   7,  -5
  -8,   7,  -5
  -8,   7,  -4
  -8,   7,  -3
  -9,   7,  -3
  -9,   8,  -3
  -8,   8,  -3
  -8,   9,  -3
  -8,   9,  -4
  -8,   9,  -5
  -8,   8,  -5
  -7,   8,  -5
  -7,   9,  -5
  -6,   9,  -5
  -6,   9,  -4
  -5,   9,  -4
  -4,   9,  -4
  -4,   9,  -3
  -4,   8,  -3
  -4,   7,  -3
  -4,   7,  -4
  -5,   7,  -4
  -5,   7,  -5
  -5,   6,  -5
  -6,   6,  -5
  -6,   6,  -6
  -5,   6,  -6
  -5,   5,  -6
  -4,   5,  -6
  -4,   5,  -7
  -4,   5,  -8
  -3,   5,  -8
  -3,   5,  -9
  -4,   5,  -9
  -4,   5, -10
  -4,   5, -11
  -4,   4, -11
  -4,   4, -12
  -3,   4, -12
  -3,   3, -12
  -3,   3, -13
  -4,   3, -13
  -4,   4, -13
  -4,   5, -13
  -4,   5, -14
  -4,   6, -14
  -4,   6, -15
  -4,   7, -15
  -4,   7, -16
  -4,   7, -17
  -4,   7, -18
  -5,   7, -18
  -5,   6, -18
  -4,   6, -18
  -4,   6, -19
  -4,   7, -19
  -3,   7, -19
  -3,   7, -18
  -3,   8, -18
  -3,   9, -18
  -4,   9, -18
  -4,  10, -18
  -5,  10, -18
  -5,  11, -18
  -5,  11, -19
  -5,  11, -20
  -4,  11, -20
  -4,  11, -21
  -3,  11, -21
  -3,  10, -21
  -3,  10, -20
  -3,   9, -20
  -4,   9, -20
  -4,  10, -20
  -5,  10, -20
  -5,  10, -19
  -6,  10, -19
  -7,  10, -19
  -7,  10, -18
  -8,  10, -18
  -9,  10, -18
  -9,  10, -19
  -9,   9, -19
  -8,   9, -19
  -8,   8, -19
  -8,   7, -19
  -8,   7, -20
  -9,   7, -20
  -9,   6, -20
  -9,   5, -20
  -8,   5, -20
  -7,   5, -20
  -7,   4, -20
  -6,   4, -20
  -6,   3, -20
  -6,   3, -21
  -6,   4, -21
  -5,   4, -21
  -5,   3, -21
  -5,   2, -21
  -5,   2, -20
  -5,   1, -20
  -5,   0, -20
  -6,   0, -20
  -6,  -1, -20
  -6,  -2, -20
  -5,  -2, -20
  -5,  -2, -21
  -6,  -2, -21
  -6,  -1, -21
  -6,  -1, -22
  -6,   0, -22
  -7,   0, -22
  -7,   0, -23
  -8,   0, -23
  -8,  -1, -23
  -9,  -1, -23
  -9,  -1, -22
  -9,  -1, -21
 -10,  -1, -21
 -11,  -1, -21
 -11,   0, -21
 -11,   0, -20
 -10,   0, -20
 -10,   0, -19
 -10,   0, -18
  -9,   0, -18
  -9,   0, -17
  -8,   0, -17
  -8,   0, -16
  -7,   0, -16
  -6,   0, -16
  -5,   0, -16
  -5,  -1, -16
  -5,  -2, -16
  -4,  -2, -16
  -4,  -3, -16
  -4,  -3, -15
  -5,  -3, -15
  -6,  -3, -15
  -6,  -4, -15
  -6,  -5, -15
  -7,  -5, -15
  -7,  -6, -15
  -7,  -6, -16
  -6,  -6, -16
  -5,  -6, -16
  -5,  -7, -16
  -5,  -7, -15
  -5,  -8, -15
  -6,  -8, -15
  -6,  -8, -16
  -7,  -8, -16
  -7,  -8, -15
  -7,  -9, -15
  -7,  -9, -14
  -8,  -9, -14
  -8,  -9, -15
  -8,  -8, -15
  -9,  -8, -15
  -9,  -9, -15
 -10,  -9, -15
 -10, -10, -15
 -11, -10, -15
 -12, -10, -15
 -12, -10, -14
 -12,  -9, -14
 -12,  -9, -15
 -13,  -9, -15
 -13,  -8, -15
 -12,  -8, -15
 -12,  -8, -14
 -12,  -8, -13
 -12,  -9, -13
 -12,  -9, -12
 -12,  -9, -11
 -12,  -9, -10
 -12,  -9,  -9
 -12,  -9,  -8
 -12, -10,  -8
 -12, -10,  -9
 -12, -10, -10
 -12, -10, -11
 -13, -10, -11
 -13, -10, -12
 -13, -11, -12
 -13, -11, -13
 -13, -12, -13
 -13, -12, -14
 -13, -11, -14
 -13, -10, -14
 -13, -10, -15
 -14, -10, -15
 -15, -10, -15
 -16, -10, -15
 -16,  -9, -15
 -16,  -9, -14
 -17,  -9, -14
 -17,  -9, -13
 -18,  -9, -13
 -18, -10, -13
 -19, -10, -13
 -19, -11, -13
 -20, -11, -13
 -20, -12, -13
 -20, -12, -12
 -19, -12, -12
 -19, -13, -12
 -19, -13, -11
 -19, -12, -11
 -18, -12, -11
 -18, -11, -11
 -17, -11, -11
 -16, -11, -11
 -16, -10, -11
 -16, -10, -10
 -15, -10, -10
 -15, -10,  -9
 -16, -10,  -9
 -16, -11,  -9
 -15, -11,  -9
 -15, -12,  -9
 -15, -12,  -8
 -14, -12,  -8
 -14, -12,  -7
 -14, -13,  -7
 -14, -13,  -8
 -14, -13,  -9
 -15, -13,  -9
 -15, -14,  -9
 -15, -15,  -9
 -15, -16,  -9
 -16, -16,  -9
 -16, -16, -10
 -16, -17, -10
 -17, -17, -10
 -17, -18, -10
 -17, -19, -10
 -16, -19, -10
 -15, -19, -10
 -15, -18, -10
 -14, -18, -10
 -14, -17, -10
 -14, -17,  -9
 -14, -18,  -9
 -14, -19,  -9
 -13, -19,  -9
 -13, -19, -10
 -13, -18, -10
 -13, -18, -11
 -14, -18, -11
 -14, -19, -11
 -13, -19, -11
 -13, -20, -11
 -12, -20, -11
 -12, -21, -11
 -13, -21, -11
 -13, -22, -11
 -13, -22, -12
 -14, -22, -12
 -14, -23, -12
 -14, -24, -12
 -14, -25, -12
 -14, -26, -12
 -14, -27, -12
 -14, -28, -12
 -14, -29, -12
 -13, -29, -12
 -13, -29, -11
 -13, -30, -11
 -13, -31, -11
 -13, -31, -12
 -13, -32, -12
 -13, -33, -12
 -13, -33, -13
 -13, -34, -13
 -13, -35, -13
 -13, -35, -14
 -13, -35, -15
 -13, -36, -15
 -14, -36, -15
 -14, -36, -14
 -15, -36, -14
 -16, -36, -14
 -16, -35, -14
 -16, -35, -15
 -16, -36, -15
 -16, -37, -15
 -17, -37, -15
 -17, -37, -16
 -17, -37, -17
 -18, -37, -17
 -18, -36, -17
 -17, -36, -17
 -16, -36, -17
 -15, -36, -17
 -15, -36, -16
 -16, -36, -16
 -17, -36, -16
 -17, -35, -16
 -17, -35, -17
 -17, -34, -17
 -17, -34, -18
 -17, -33, -18
 -17, -33, -17
 -16, -33, -17
 -16, -33, -16
 -16, -34, -16
 -15, -34, -16
 -14, -34, -16
 -14, -34, -15
 -14, -34, -14
 -15, -34, -14
 -16, -34, -14
 -16, -34, -13
 -17, -34, -13
 -17, -35, -13
 -17, -35, -12
 -17, -36, -12
 -17, -37, -12
 -17, -37, -11
 -17, -37, -10
 -17, -38, -10
 -18, -38, -10
 -19, -38, -10
 -19, -39, -10
 -19, -39,  -9
 -19, -38,  -9
 -19, -38,  -8
 -19, -38,  -7
 -18, -38,  -7
 -18, -39,  -7
 -18, -39,  -6
 -18, -39,  -5
 -19, -39,  -5
 -19, -39,  -6
 -19, -40,  -6
 -19, -40,  -7
 -18, -40,  -7
 -18, -41,  -7
 -17, -41,  -7
 -17, -41,  -6
 -17, -40,  -6
 -17, -40,  -5
 -17, -41,  -5
 -17, -41,  -4
 -18, -41,  -4
 -18, -42,  -4
 -19, -42,  -4
 -19, -42,  -5
 -19, -43,  -5
 -20, -43,  -5
 -20, -43,  -6
 -20, -43,  -7
 -20, -43,  -8
 -20, -43,  -9
 -20, -43, -10
 -19, -43, -10
 -19, -43,  -9
 -19, -43,  -8
 -19, -43,  -7
 -19, -44,  -7
 -19, -44,  -6
 -19, -44,  -5
 -18, -44,  -5
 -17, -44,  -5
 -17, -44,  -4
 -17, -43,  -4
 -16, -43,  -4
 -15, -43,  -4
 -14, -43,  -4
 -13, -43,  -4
 -13, -43,  -5
 -13, -42,  -5
 -12, -42,  -5
 -11, -42,  -5
 -10, -42,  -5
 -10, -41,  -5
  -9, -41,  -5
  -8, -41,  -5
  -8, -40,  -5
  -7, -40,  -5
  -7, -41,  -5
  -7, -41,  -4
  -7, -42,  -4
  -6, -42,  -4
  -6, -42,  -3
  -6, -43,  -3
  -6, -43,  -4
  -6, -44,  -4
  -7, -44,  -4
  -7, -44,  -3
  -7, -45,  -3
  -7, -45,  -2
  -8, -45,  -2
  -8, -45,  -1
  -8, -45,   0
  -8, -45,   1
  -8, -45,   2
  -8, -45,   3
  -8, -45,   4
  -7, -45,   4
  -7, -45,   5
  -7, -45,   6
  -7, -45,   7
  -7, -45,   8
  -6, -45,   8
  -6, -46,   8
  -6, -46,   9
  -6, -46,  10
  -6, -45,  10
  -6, -45,   9
  -5, -45,   9
  -5, -45,   8
  -5, -44,   8
  -5, -44,   7
  -5, -44,   6
  -6, -44,   6
  -6, -44,   5
  -6, -43,   5
  -7, -43,   5
  -7, -43,   4
  -7, -42,   4
  -7, -42,   5
  -6, -42,   5
  -6, -41,   5
  -7, -41,   5
  -8, -41,   5
  -8, -40,   5
  -8, -39,   5
  -8, -39,   6
  -8, -38,   6
  -8, -38,   5
  -7, -38,   5
  -7, -38,   6
  -6, -38,   6
  -5, -38,   6
  -4, -38,   6
  -3, -38,   6
  -3, -37,   6
  -3, -36,   6
  -3, -36,   7
  -4, -36,   7
  -4, -37,   7
  -5, -37,   7
  -5, -38,   7
  -5, -39,   7
  -4, -39,   7
  -4, -40,   7
  -4, -40,   6
  -4, -40,   5
  -3, -40,   5
  -3, -40,   4
  -2, -40,   4
  -2, -41,   4
  -2, -41,   5
  -2, -41,   6
  -2, -41,   7
  -3, -41,   7
  -3, -42,   7
  -3, -42,   8
  -3, -41,   8
  -3, -41,   9
  -4, -41,   9
  -4, -41,  10
  -3, -41,  10
  -3, -41,  11
  -2, -41,  11
  -2, -40,  11
  -1, -40,  11
  -1, -40,  12
  -1, -41,  12
  -1, -41,  11
   0, -41,  11
   0, -40,  11
   0, -40,  10
   0, -39,  10
   0, -39,  11
   0, -38,  11
  -1, -38,  11
  -1, -39,  11
  -1, -39,  12
  -1, -39,  13
  -1, -40,  13
   0, -40,  13
   1, -40,  13
   1, -40,  12
   1, -39,  12
   1, -39,  11
   2, -39,  11
   2, -40,  11
   2, -40,  10
   2, -40,   9
   1, -40,   9
   1, -39,   9
   1, -39,   8
   1, -38,   8
   1, -37,   8
   1, -37,   9
   1, -37,  10
   1, -37,  11
   2, -37,  11
   2, -36,  11
   1, -36,  11
   1, -36,  10
   1, -36,   9
   2, -36,   9
   2, -37,   9
   3, -37,   9
   3, -36,   9
   4, -36,   9
   5, -36,   9
   5, -35,   9
   5, -34,   9
   6, -34,   9
   6, -34,   8
   6, -35,   8
   7, -35,   8
   7, -35,   9
   7, -36,   9
   7, -36,  10
   7, -36,  11
   8, -36,  11
   8, -36,  10
   8, -35,  10
   9, -35,  10
   9, -36,  10
  10, -36,  10
  10, -36,  11
  10, -37,  11
  10, -38,  11
  10, -39,  11
  10, -39,  10
  10, -38,  10
   9, -38,  10
   9, -37,  10
   9, -37,   9
  10, -37,   9
  10, -37,   8
  11, -37,   8
  11, -38,   8
  11, -39,   8
  11, -40,   8
  12, -40,   8
  12, -41,   8
  11, -41,   8
  10, -41,   8
  10, -41,   9
   9, -41,   9
   8, -41,   9
   8, -40,   9
   8, -40,  10
   7, -40,  10
   6, -40,  10
   6, -39,  10
   6, -38,  10
   6, -38,   9
   7, -38,   9
   7, -38,   8
   7, -38,   7
   7, -39,   7
   7, -40,   7
   7, -40,   8
   7, -41,   8
   7, -41,   9
   7, -42,   9
   7, -42,   8
   7, -42,   7
   8, -42,   7
   8, -42,   6
   7, -42,   6
   7, -42,   5
   7, -42,   4
   6, -42,   4
   6, -43,   4
   5, -43,   4
   5, -44,   4
   5, -44,   5
   5, -44,   6
   5, -43,   6
   5, -43,   7
   5, -42,   7
   5, -42,   8
   5, -41,   8
   5, -41,   7
   6, -41,   7
   6, -41,   6
   6, -41,   5
   6, -40,   5
   7, -40,   5
   8, -40,   5
   8, -40,   4
   9, -40,   4
  10, -40,   4
  10, -41,   4
  10, -41,   3
   9, -41,   3
   8, -41,   3
   8, -42,   3
   8, -43,   3
   7, -43,   3
   6, -43,   3
   6, -43,   2
   6, -43,   1
   6, -43,   0
   7, -43,   0
   7, -42,   0
   7, -42,   1
   7, -41,   1
   7, -41,   0
   6, -41,   0
   6, -41,  -1
   6, -40,  -1
   5, -40,  -1
   5, -39,  -1
   4, -39,  -1
   4, -38,  -1
   4, -38,  -2
   4, -37,  -2
   4, -37,  -1
   4, -37,   0
   4, -36,   0
   4, -36,   1
   5, -36,   1
   6, -36,   1
   6, -35,   1
   6, -35,   0
   6, -34,   0
   6, -34,  -1
   6, -35,  -1
   5, -35,  -1
   5, -34,  -1
   4, -34,  -1
   4, -34,  -2
   3, -34,  -2
   2, -34,  -2
   2, -34,  -1
   2, -34,   0
   1, -34,   0
   1, -35,   0
   2, -35,   0
   2, -35,  -1
   2, -35,  -2
   2, -36,  -2
   3, -36,  -2
   3, -37,  -2
   3, -38,  -2
   2, -38,  -2
   1, -38,  -2
   1, -38,  -3
   1, -37,  -3
   1, -37,  -4
   1, -36,  -4
   1, -35,  -4
   2, -35,  -4
   2, -34,  -4
   2, -34,  -5
   3, -34,  -5
   3, -34,  -6
   3, -33,  -6
   4, -33,  -6
   4, -34,  -6
   4, -34,  -7
   5, -34,  -7
   5, -33,  -7
   5, -32,  -7
   5, -32,  -8
   5, -32,  -9
   4, -32,  -9
   4, -32,  -8
   4, -32,  -7
   4, -31,  -7
   3, -31,  -7
   2, -31,  -7
   2, -30,  -7
   1, -30,  -7
   1, -31,  -7
   1, -32,  -7
   1, -33,  -7
   0, -33,  -7
   0, -33,  -6
   0, -32,  -6
   1, -32,  -6
   1, -33,  -6
   1, -33,  -5
   1, -34,  -5
   0, -34,  -5
   0, -35,  -5
  -1, -35,  -5
  -2, -35,  -5
  -2, -34,  -5
  -2, -34,  -4
  -2, -33,  -4
  -1, -33,  -4
  -1, -33,  -3
   0, -33,  -3
   0, -32,  -3
   0, -32,  -4
   1, -32,  -4
   1, -32,  -5
   0, -32,  -5
   0, -31,  -5
   0, -31,  -6
   1, -31,  -6
   1, -30,  -6
   0, -30,  -6
   0, -30,  -5
   0, -30,  -4
  -1, -30,  -4
  -1, -29,  -4
  -2, -29,  -4
  -2, -29,  -3
  -2, -28,  -3
  -3, -28,  -3
  -3, -27,  -3
  -3, -27,  -2
  -3, -26,  -2
  -2, -26,  -2
  -2, -26,  -3
  -1, -26,  -3
  -1, -27,  -3
   0, -27,  -3
   1, -27,  -3
   1, -27,  -4
   2, -27,  -4
   2, -27,  -5
   3, -27,  -5
   4, -27,  -5
   4, -27,  -6
   4, -28,  -6
   4, -28,  -5
   4, -29,  -5
   3, -29,  -5
   2, -29,  -5
   2, -28,  -5
   2, -28,  -6
   1, -28,  -6
   1, -28,  -7
   1, -28,  -8
   2, -28,  -8
   2, -27,  -8
   2, -27,  -7
   1, -27,  -7
   1, -26,  -7
   1, -26,  -8
   2, -26,  -8
   2, -25,  -8
   2, -25,  -9
   3, -25,  -9
   3, -26,  -9
   2, -26,  -9
   2, -26, -10
   1, -26, -10
   1, -26, -11
   2, -26, -11
   2, -26, -12
   3, -26, -12
   3, -26, -13
   3, -25, -13
   2, -25, -13
   1, -25, -13
   1, -25, -14
   0, -25, -14
   0, -24, -14
   0, -23, -14
   1, -23, -14
   2, -23, -14
   2, -22, -14
   3, -22, -14
   3, -22, -15
   3, -22, -16
   3, -23, -16
   4, -23, -16
   4, -24, -16
   4, -25, -16
   4, -25, -17
   5, -25, -17
   6, -25, -17
   6, -26, -17
   6, -26, -16
   7, -26, -16
   7, -27, -16
   7, -27, -17
   6, -27, -17
   6, -27, -18
   6, -27, -19
   5, -27, -19
   4, -27, -19
   4, -27, -18
   4, -27, -17
   4, -28, -17
   3, -28, -17
   2, -28, -17
   1, -28, -17
   0, -28, -17
  -1, -28, -17
  -2, -28, -17
  -3, -28, -17
  -3, -28, -16
  -4, -28, -16
  -5, -28, -16
  -5, -28, -15
  -6, -28, -15
  -6, -28, -14
  -6, -29, -14
  -7, -29, -14
  -7, -30, -14
  -7, -31, -14
  -6, -31, -14
  -5, -31, -14
  -4, -31, -14
  -3, -31, -14
  -3, -30, -14
  -3, -29, -14
  -2, -29, -14
  -1, -29, -14
   0, -29, -14
   1, -29, -14
   1, -29, -15
   2, -29, -15
   3, -29, -15
   3, -29, -16
   4, -29, -16
   5, -29, -16
   5, -29, -17
   6, -29, -17
   7, -29, -17
   7, -29, -18
   8, -29, -18
   8, -28, -18
   9, -28, -18
  10, -28, -18
  10, -29, -18
  11, -29, -18
  11, -30, -18
  12, -30, -18
  13, -30, -18
  13, -30, -19
  13, -29, -19
  13, -28, -19
  14, -28, -19
  14, -27, -19
  13, -27, -19
  13, -27, -18
  12, -27, -18
  12, -27, -17
  12, -28, -17
  12, -28, -16
  11, -28, -16
  11, -28, -15
  11, -27, -15
  10, -27, -15
  10, -27, -16
  11, -27, -16
  11, -27, -17
  11, -26, -17
  11, -25, -17
  10, -25, -17
  10, -25, -16
  10, -25, -15
  10, -24, -15
  11, -24, -15
  11, -25, -15
  12, -25, -15
  12, -25, -14
  12, -24, -14
  12, -24, -13
  12, -24, -12
  11, -24, -12
  11, -25, -12
  11, -26, -12
  11, -27, -12
  12, -27, -12
  12, -27, -11
  12, -28, -11
  13, -28, -11
  13, -27, -11
  14, -27, -11
  15, -27, -11
  15, -28, -11
  15, -29, -11
  15, -29, -12
  15, -29, -13
  14, -29, -13
  14, -30, -13
  15, -30, -13
  16, -30, -13
  16, -30, -12
  16, -31, -12
  17, -31, -12
  17, -31, -11
  18, -31, -11
  18, -31, -10
  17, -31, -10
  17, -31,  -9
  17, -32,  -9
  18, -32,  -9
  18, -33,  -9
  18, -34,  -9
  18, -34, -10
  17, -34, -10
  17, -34, -11
  16, -34, -11
  16, -35, -11
  16, -35, -12
