N_species = 5
1,1
2,1
3,1
4,1
5,1
6,1
7,1
8,1
9,1
10,1
11,1
12,1
13,1
14,1
15,1
16,1
17,1
18,1
19,1
20,1
21,1
22,1
23,1
24,1
25,1
26,1
27,1
28,1
29,1
30,1
31,1
32,1
33,1
34,1
35,1
36,1
37,1
38,1
39,1
40,1
41,1
42,1
43,1
44,1
45,1
46,1
47,1
48,1
49,1
50,1
51,1
52,1
53,1
54,1
55,1
56,1
57,1
58,1
59,1
60,1
61,1
62,1
63,1
64,1
65,1
66,1
67,1
68,1
69,1
70,1
71,1
72,1
73,1
74,1
75,1
76,1
77,1
78,1
79,1
80,1
81,1
82,1
83,1
84,1
85,1
86,1
87,1
88,1
89,1
90,1
91,1
92,1
93,1
94,1
95,1
96,1
97,1
98,1
99,1
100,1
101,1
102,1
103,1
104,1
105,1
106,1
107,1
108,1
109,1
110,1
111,1
112,1
113,1
114,1
115,1
116,1
117,1
118,1
119,1
120,1
121,1
122,1
123,1
124,1
125,1
126,1
127,1
128,1
129,1
130,1
131,1
132,1
133,1
134,1
135,1
136,1
137,1
138,1
139,1
140,1
141,1
142,1
143,1
144,1
145,1
146,1
147,1
148,1
149,1
150,1
151,1
152,1
153,1
154,1
155,1
156,1
157,1
158,1
159,1
160,1
161,1
162,1
163,1
164,1
165,1
166,1
167,1
168,1
169,1
170,1
171,1
172,1
173,1
174,1
175,1
176,1
177,1
178,1
179,1
180,1
181,1
182,1
183,1
184,1
185,1
186,1
187,1
188,1
189,1
190,1
191,1
192,1
193,1
194,1
195,1
196,1
197,1
198,1
199,1
200,1
201,4
202,1
203,1
204,1
205,1
206,1
207,1
208,1
209,1
210,1
211,1
212,1
213,1
214,1
215,1
216,1
217,1
218,1
219,1
220,1
221,1
222,1
223,1
224,1
225,1
226,1
227,1
228,1
229,1
230,1
231,1
232,1
233,1
234,1
235,1
236,1
237,1
238,1
239,1
240,1
241,1
242,1
243,1
244,1
245,1
246,1
247,1
248,1
249,1
250,1
251,1
252,1
253,1
254,1
255,1
256,1
257,1
258,1
259,1
260,1
261,1
262,1
263,1
264,1
265,1
266,1
267,1
268,1
269,1
270,1
271,1
272,1
273,1
274,1
275,1
276,1
277,1
278,1
279,1
280,1
281,1
282,1
283,1
284,1
285,1
286,1
287,1
288,1
289,1
290,1
291,1
292,1
293,1
294,1
295,1
296,1
297,1
298,1
299,1
300,1
301,1
302,1
303,1
304,1
305,1
306,1
307,1
308,1
309,1
310,1
311,1
312,1
313,1
314,1
315,1
316,1
317,1
318,1
319,1
320,1
321,1
322,1
323,1
324,1
325,1
326,1
327,1
328,1
329,1
330,1
331,1
332,1
333,1
334,1
335,1
336,1
337,1
338,1
339,1
340,1
341,1
342,1
343,1
344,1
345,1
346,1
347,1
348,1
349,1
350,1
351,1
352,1
353,1
354,1
355,1
356,1
357,1
358,1
359,1
360,1
361,1
362,1
363,1
364,1
365,1
366,1
367,1
368,1
369,1
370,1
371,1
372,1
373,1
374,1
375,1
376,1
377,1
378,1
379,1
380,1
381,1
382,1
383,1
384,1
385,1
386,1
387,1
388,1
389,1
390,1
391,1
392,1
393,1
394,1
395,1
396,1
397,1
398,1
399,1
400,1
401,1
402,1
403,1
404,1
405,1
406,1
407,1
408,1
409,1
410,1
411,1
412,1
413,1
414,1
415,1
416,1
417,1
418,1
419,1
420,1
421,1
422,1
423,1
424,1
425,1
426,1
427,1
428,1
429,1
430,1
431,1
432,1
433,1
434,1
435,1
436,1
437,1
438,1
439,1
440,1
441,1
442,1
443,1
444,1
445,1
446,1
447,1
448,1
449,1
450,1
451,1
452,1
453,1
454,1
455,1
456,1
457,1
458,1
459,1
460,1
461,1
462,1
463,1
464,1
465,1
466,1
467,1
468,1
469,1
470,1
471,1
472,1
473,1
474,1
475,1
476,1
477,1
478,1
479,1
480,1
481,1
482,1
483,1
484,1
485,1
486,1
487,1
488,1
489,1
490,1
491,1
492,1
493,1
494,1
495,1
496,1
497,1
498,1
499,1
500,1
501,2
502,2
503,2
504,2
505,2
506,2
507,2
508,2
509,2
510,2
511,2
512,2
513,2
514,2
515,2
516,2
517,2
518,2
519,2
520,2
521,2
522,2
523,2
524,2
525,2
526,2
527,2
528,2
529,2
530,2
531,2
532,2
533,2
534,2
535,2
536,2
537,2
538,2
539,2
540,2
541,2
542,2
543,2
544,2
545,2
546,2
547,2
548,2
549,2
550,2
551,2
552,2
553,2
554,2
555,2
556,2
557,2
558,2
559,2
560,2
561,2
562,2
563,2
564,2
565,2
566,2
567,2
568,2
569,2
570,2
571,2
572,2
573,2
574,2
575,2
576,2
577,2
578,2
579,2
580,2
581,2
582,2
583,2
584,2
585,2
586,2
587,2
588,2
589,2
590,2
591,2
592,2
593,2
594,2
595,2
596,2
597,2
598,2
599,2
600,2
601,2
602,2
603,2
604,2
605,2
606,2
607,2
608,2
609,2
610,2
611,2
612,2
613,2
614,2
615,2
616,2
617,2
618,2
619,2
620,2
621,2
622,2
623,2
624,2
625,2
626,2
627,2
628,2
629,2
630,2
631,2
632,2
633,2
634,2
635,2
636,2
637,2
638,2
639,2
640,2
641,2
642,2
643,2
644,2
645,2
646,2
647,2
648,2
649,2
650,2
651,2
652,2
653,2
654,2
655,2
656,2
657,2
658,2
659,2
660,2
661,2
662,2
663,2
664,2
665,2
666,2
667,2
668,2
669,2
670,2
671,2
672,2
673,2
674,2
675,2
676,2
677,2
678,2
679,2
680,2
681,2
682,2
683,2
684,2
685,2
686,2
687,2
688,2
689,2
690,2
691,2
692,2
693,2
694,2
695,2
696,2
697,2
698,2
699,2
700,2
701,1
702,1
703,1
704,1
705,1
706,1
707,1
708,1
709,1
710,1
711,1
712,1
713,1
714,1
715,1
716,1
717,1
718,1
719,1
720,1
721,1
722,1
723,1
724,1
725,1
726,1
727,1
728,1
729,1
730,1
731,1
732,1
733,1
734,1
735,1
736,1
737,1
738,1
739,1
740,1
741,1
742,1
743,1
744,1
745,1
746,1
747,1
748,1
749,1
750,1
751,1
752,1
753,1
754,1
755,1
756,1
757,1
758,1
759,1
760,1
761,1
762,1
763,1
764,1
765,1
766,1
767,1
768,1
769,1
770,1
771,1
772,1
773,1
774,1
775,1
776,1
777,1
778,1
779,1
780,1
781,1
782,1
783,1
784,1
785,1
786,1
787,1
788,1
789,1
790,1
791,1
792,1
793,1
794,1
795,1
796,1
797,1
798,1
799,1
800,1
801,3
802,3
803,3
804,3
805,3
806,3
807,3
808,3
809,3
810,3
811,3
812,3
813,3
814,3
815,3
816,3
817,3
818,3
819,3
820,3
821,3
822,3
823,3
824,3
825,3
826,3
827,3
828,3
829,3
830,3
831,3
832,3
833,3
834,3
835,3
836,3
837,3
838,3
839,3
840,3
841,3
842,3
843,3
844,3
845,3
846,3
847,3
848,3
849,3
850,3
851,3
852,3
853,3
854,3
855,3
856,3
857,3
858,3
859,3
860,3
861,3
862,3
863,3
864,3
865,3
866,3
867,3
868,3
869,3
870,3
871,3
872,3
873,3
874,3
875,3
876,3
877,3
878,3
879,3
880,3
881,3
882,3
883,3
884,3
885,3
886,3
887,3
888,3
889,3
890,3
891,3
892,3
893,3
894,3
895,3
896,3
897,3
898,3
899,3
900,3
901,3
902,3
903,3
904,3
905,3
906,3
907,3
908,3
909,3
910,3
911,3
912,3
913,3
914,3
915,3
916,3
917,3
918,3
919,3
920,3
921,3
922,3
923,3
924,3
925,3
926,3
927,3
928,3
929,3
930,3
931,3
932,3
933,3
934,3
935,3
936,3
937,3
938,3
939,3
940,3
941,3
942,3
943,3
944,3
945,3
946,3
947,3
948,3
949,3
950,3
951,3
952,3
953,3
954,3
955,3
956,3
957,3
958,3
959,3
960,3
961,3
962,3
963,3
964,3
965,3
966,3
967,3
968,3
969,3
970,3
971,3
972,3
973,3
974,3
975,3
976,3
977,3
978,3
979,3
980,3
981,3
982,3
983,3
984,3
985,3
986,3
987,3
988,3
989,3
990,3
991,3
992,3
993,3
994,3
995,3
996,3
997,3
998,3
999,3
1000,3
1001,1
1002,1
1003,1
1004,1
1005,1
1006,1
1007,1
1008,1
1009,1
1010,1
1011,1
1012,1
1013,1
1014,1
1015,1
1016,1
1017,1
1018,1
1019,1
1020,1
1021,1
1022,1
1023,1
1024,1
1025,1
1026,1
1027,1
1028,1
1029,1
1030,1
1031,1
1032,1
1033,1
1034,1
1035,1
1036,1
1037,1
1038,1
1039,1
1040,1
1041,1
1042,1
1043,1
1044,1
1045,1
1046,1
1047,1
1048,1
1049,1
1050,1
1051,1
1052,1
1053,1
1054,1
1055,1
1056,1
1057,1
1058,1
1059,1
1060,1
1061,1
1062,1
1063,1
1064,1
1065,1
1066,1
1067,1
1068,1
1069,1
1070,1
1071,1
1072,1
1073,1
1074,1
1075,1
1076,1
1077,1
1078,1
1079,1
1080,1
1081,1
1082,1
1083,1
1084,1
1085,1
1086,1
1087,1
1088,1
1089,1
1090,1
1091,1
1092,1
1093,1
1094,1
1095,1
1096,1
1097,1
1098,1
1099,1
1100,1
1101,2
1102,2
1103,2
1104,2
1105,2
1106,2
1107,2
1108,2
1109,2
1110,2
1111,2
1112,2
1113,2
1114,2
1115,2
1116,2
1117,2
1118,2
1119,2
1120,2
1121,2
1122,2
1123,2
1124,2
1125,2
1126,2
1127,2
1128,2
1129,2
1130,2
1131,2
1132,2
1133,2
1134,2
1135,2
1136,2
1137,2
1138,2
1139,2
1140,2
1141,2
1142,2
1143,2
1144,2
1145,2
1146,2
1147,2
1148,2
1149,2
1150,2
1151,2
1152,2
1153,2
1154,2
1155,2
1156,2
1157,2
1158,2
1159,2
1160,2
1161,2
1162,2
1163,2
1164,2
1165,2
1166,2
1167,2
1168,2
1169,2
1170,2
1171,2
1172,2
1173,2
1174,2
1175,2
1176,2
1177,2
1178,2
1179,2
1180,2
1181,2
1182,2
1183,2
1184,2
1185,2
1186,2
1187,2
1188,2
1189,2
1190,2
1191,2
1192,2
1193,2
1194,2
1195,2
1196,2
1197,2
1198,2
1199,2
1200,2
1201,2
1202,2
1203,2
1204,2
1205,2
1206,2
1207,2
1208,2
1209,2
1210,2
1211,2
1212,2
1213,2
1214,2
1215,2
1216,2
1217,2
1218,2
1219,2
1220,2
1221,2
1222,2
1223,2
1224,2
1225,2
1226,2
1227,2
1228,2
1229,2
1230,2
1231,2
1232,2
1233,2
1234,2
1235,2
1236,2
1237,2
1238,2
1239,2
1240,2
1241,2
1242,2
1243,2
1244,2
1245,2
1246,2
1247,2
1248,2
1249,2
1250,2
1251,2
1252,2
1253,2
1254,2
1255,2
1256,2
1257,2
1258,2
1259,2
1260,2
1261,2
1262,2
1263,2
1264,2
1265,2
1266,2
1267,2
1268,2
1269,2
1270,2
1271,2
1272,2
1273,2
1274,2
1275,2
1276,2
1277,2
1278,2
1279,2
1280,2
1281,2
1282,2
1283,2
1284,2
1285,2
1286,2
1287,2
1288,2
1289,2
1290,2
1291,2
1292,2
1293,2
1294,2
1295,2
1296,2
1297,2
1298,2
1299,2
1300,2
1301,1
1302,1
1303,1
1304,1
1305,1
1306,1
1307,1
1308,1
1309,1
1310,1
1311,1
1312,1
1313,1
1314,1
1315,1
1316,1
1317,1
1318,1
1319,1
1320,1
1321,1
1322,1
1323,1
1324,1
1325,1
1326,1
1327,1
1328,1
1329,1
1330,1
1331,1
1332,1
1333,1
1334,1
1335,1
1336,1
1337,1
1338,1
1339,1
1340,1
1341,1
1342,1
1343,1
1344,1
1345,1
1346,1
1347,1
1348,1
1349,1
1350,1
1351,1
1352,1
1353,1
1354,1
1355,1
1356,1
1357,1
1358,1
1359,1
1360,1
1361,1
1362,1
1363,1
1364,1
1365,1
1366,1
1367,1
1368,1
1369,1
1370,1
1371,1
1372,1
1373,1
1374,1
1375,1
1376,1
1377,1
1378,1
1379,1
1380,1
1381,1
1382,1
1383,1
1384,1
1385,1
1386,1
1387,1
1388,1
1389,1
1390,1
1391,1
1392,1
1393,1
1394,1
1395,1
1396,1
1397,1
1398,1
1399,1
1400,1
1401,3
1402,3
1403,3
1404,3
1405,3
1406,3
1407,3
1408,3
1409,3
1410,3
1411,3
1412,3
1413,3
1414,3
1415,3
1416,3
1417,3
1418,3
1419,3
1420,3
1421,3
1422,3
1423,3
1424,3
1425,3
1426,3
1427,3
1428,3
1429,3
1430,3
1431,3
1432,3
1433,3
1434,3
1435,3
1436,3
1437,3
1438,3
1439,3
1440,3
1441,3
1442,3
1443,3
1444,3
1445,3
1446,3
1447,3
1448,3
1449,3
1450,3
1451,3
1452,3
1453,3
1454,3
1455,3
1456,3
1457,3
1458,3
1459,3
1460,3
1461,3
1462,3
1463,3
1464,3
1465,3
1466,3
1467,3
1468,3
1469,3
1470,3
1471,3
1472,3
1473,3
1474,3
1475,3
1476,3
1477,3
1478,3
1479,3
1480,3
1481,3
1482,3
1483,3
1484,3
1485,3
1486,3
1487,3
1488,3
1489,3
1490,3
1491,3
1492,3
1493,3
1494,3
1495,3
1496,3
1497,3
1498,3
1499,3
1500,3
1501,3
1502,3
1503,3
1504,3
1505,3
1506,3
1507,3
1508,3
1509,3
1510,3
1511,3
1512,3
1513,3
1514,3
1515,3
1516,3
1517,3
1518,3
1519,3
1520,3
1521,3
1522,3
1523,3
1524,3
1525,3
1526,3
1527,3
1528,3
1529,3
1530,3
1531,3
1532,3
1533,3
1534,3
1535,3
1536,3
1537,3
1538,3
1539,3
1540,3
1541,3
1542,3
1543,3
1544,3
1545,3
1546,3
1547,3
1548,3
1549,3
1550,3
1551,3
1552,3
1553,3
1554,3
1555,3
1556,3
1557,3
1558,3
1559,3
1560,3
1561,3
1562,3
1563,3
1564,3
1565,3
1566,3
1567,3
1568,3
1569,3
1570,3
1571,3
1572,3
1573,3
1574,3
1575,3
1576,3
1577,3
1578,3
1579,3
1580,3
1581,3
1582,3
1583,3
1584,3
1585,3
1586,3
1587,3
1588,3
1589,3
1590,3
1591,3
1592,3
1593,3
1594,3
1595,3
1596,3
1597,3
1598,3
1599,3
1600,3
1601,1
1602,1
1603,1
1604,1
1605,1
1606,1
1607,1
1608,1
1609,1
1610,1
1611,1
1612,1
1613,1
1614,1
1615,1
1616,1
1617,1
1618,1
1619,1
1620,1
1621,1
1622,1
1623,1
1624,1
1625,1
1626,1
1627,1
1628,1
1629,1
1630,1
1631,1
1632,1
1633,1
1634,1
1635,1
1636,1
1637,1
1638,1
1639,1
1640,1
1641,1
1642,1
1643,1
1644,1
1645,1
1646,1
1647,1
1648,1
1649,1
1650,1
1651,1
1652,1
1653,1
1654,1
1655,1
1656,1
1657,1
1658,1
1659,1
1660,1
1661,1
1662,1
1663,1
1664,1
1665,1
1666,1
1667,1
1668,1
1669,1
1670,1
1671,1
1672,1
1673,1
1674,1
1675,1
1676,1
1677,1
1678,1
1679,1
1680,1
1681,1
1682,1
1683,1
1684,1
1685,1
1686,1
1687,1
1688,1
1689,1
1690,1
1691,1
1692,1
1693,1
1694,1
1695,1
1696,1
1697,1
1698,1
1699,1
1700,1
1701,1
1702,1
1703,1
1704,1
1705,1
1706,1
1707,1
1708,1
1709,1
1710,1
1711,1
1712,1
1713,1
1714,1
1715,1
1716,1
1717,1
1718,1
1719,1
1720,1
1721,1
1722,1
1723,1
1724,1
1725,1
1726,1
1727,1
1728,1
1729,1
1730,1
1731,1
1732,1
1733,1
1734,1
1735,1
1736,1
1737,1
1738,1
1739,1
1740,1
1741,1
1742,1
1743,1
1744,1
1745,1
1746,1
1747,1
1748,1
1749,1
1750,1
1751,1
1752,1
1753,1
1754,1
1755,1
1756,1
1757,1
1758,1
1759,1
1760,1
1761,1
1762,1
1763,1
1764,1
1765,1
1766,1
1767,1
1768,1
1769,1
1770,1
1771,1
1772,1
1773,1
1774,1
1775,1
1776,1
1777,1
1778,1
1779,1
1780,1
1781,1
1782,1
1783,1
1784,1
1785,1
1786,1
1787,1
1788,1
1789,1
1790,1
1791,1
1792,1
1793,1
1794,1
1795,1
1796,1
1797,1
1798,1
1799,1
1800,5
1801,1
1802,1
1803,1
1804,1
1805,1
1806,1
1807,1
1808,1
1809,1
1810,1
1811,1
1812,1
1813,1
1814,1
1815,1
1816,1
1817,1
1818,1
1819,1
1820,1
1821,1
1822,1
1823,1
1824,1
1825,1
1826,1
1827,1
1828,1
1829,1
1830,1
1831,1
1832,1
1833,1
1834,1
1835,1
1836,1
1837,1
1838,1
1839,1
1840,1
1841,1
1842,1
1843,1
1844,1
1845,1
1846,1
1847,1
1848,1
1849,1
1850,1
1851,1
1852,1
1853,1
1854,1
1855,1
1856,1
1857,1
1858,1
1859,1
1860,1
1861,1
1862,1
1863,1
1864,1
1865,1
1866,1
1867,1
1868,1
1869,1
1870,1
1871,1
1872,1
1873,1
1874,1
1875,1
1876,1
1877,1
1878,1
1879,1
1880,1
1881,1
1882,1
1883,1
1884,1
1885,1
1886,1
1887,1
1888,1
1889,1
1890,1
1891,1
1892,1
1893,1
1894,1
1895,1
1896,1
1897,1
1898,1
1899,1
1900,1
1901,1
1902,1
1903,1
1904,1
1905,1
1906,1
1907,1
1908,1
1909,1
1910,1
1911,1
1912,1
1913,1
1914,1
1915,1
1916,1
1917,1
1918,1
1919,1
1920,1
1921,1
1922,1
1923,1
1924,1
1925,1
1926,1
1927,1
1928,1
1929,1
1930,1
1931,1
1932,1
1933,1
1934,1
1935,1
1936,1
1937,1
1938,1
1939,1
1940,1
1941,1
1942,1
1943,1
1944,1
1945,1
1946,1
1947,1
1948,1
1949,1
1950,1
1951,1
1952,1
1953,1
1954,1
1955,1
1956,1
1957,1
1958,1
1959,1
1960,1
1961,1
1962,1
1963,1
1964,1
1965,1
1966,1
1967,1
1968,1
1969,1
1970,1
1971,1
1972,1
1973,1
1974,1
1975,1
1976,1
1977,1
1978,1
1979,1
1980,1
1981,1
1982,1
1983,1
1984,1
1985,1
1986,1
1987,1
1988,1
1989,1
1990,1
1991,1
1992,1
1993,1
1994,1
1995,1
1996,1
1997,1
1998,1
1999,1
2000,1
